626053420 0.993002 0.994502 0.00797821 0.406981
626053421 0.993002 0.994502 0.0606772 0.406981
626053422 0.993002 0.994502 0.0606772 0.00797821
626053423 0.994502 0.993002 0.00797821 0.406981
626053424 0.994502 0.993002 0.0606772 0.406981
626053425 0.994502 0.993002 0.0606772 0.00797821
798693550 0.993029 0.991592 0.0259561 0.209876
798693551 0.991592 0.993029 0.0259561 0.209876
1439970 0.992998 0.858124 0.713797 0.0654005
1439971 0.858124 0.992998 0.713797 0.0654005
365437540 0.995975 0.99315 0.53044 0.232173
365437541 0.995975 0.99315 0.53044 0.0505236
365437542 0.995975 0.99315 0.53044 0.110176
365437543 0.99315 0.995975 0.53044 0.232173
365437544 0.99315 0.995975 0.53044 0.0505236
365437545 0.99315 0.995975 0.53044 0.110176
365437546 0.995975 0.99315 0.0505236 0.232173
365437547 0.995975 0.99315 0.232173 0.110176
365437548 0.99315 0.995975 0.0505236 0.232173
365437549 0.99315 0.995975 0.232173 0.110176
80170900 0.993046 0.550761 0.116882 0.198002
80170901 0.993046 0.550761 0.111365 0.198002
80170902 0.550761 0.993046 0.116882 0.198002
80170903 0.550761 0.993046 0.111365 0.198002
840390560 0.993098 0.92142 0.351506 0.0413504
840390561 0.92142 0.993098 0.351506 0.0413504
840390562 0.993098 0.92142 0.351506 0.0648837
840390563 0.92142 0.993098 0.351506 0.0648837
1980500 0.992992 0.907862 0.130389 0.365896
1980501 0.907862 0.992992 0.130389 0.365896
1980502 0.992992 0.907862 0.0531346 0.365896
1980503 0.907862 0.992992 0.0531346 0.365896
455632430 0.993016 0.951645 0.0768853 0.375194
455632431 0.951645 0.993016 0.0768853 0.375194
74633510 0.994703 0.992697 0.519971 0.346473
74633511 0.992697 0.994703 0.519971 0.346473
240738070 0.907861 0.993022 0.0259858 0.35957
240738071 0.993022 0.907861 0.0259858 0.35957
240738072 0.907861 0.993022 0.130222 0.35957
240738073 0.993022 0.907861 0.130222 0.35957
240738074 0.907861 0.993022 0.0259858 0.130222
240738075 0.993022 0.907861 0.0259858 0.130222
25547240 0.993024 0.89153 0.0670226 0.164448
916973820 0.986377 0.993042 0.316873 0.025021
916973821 0.986377 0.993042 0.316873 0.0515693
916973822 0.986377 0.993042 0.0123729 0.025021
916973823 0.986377 0.993042 0.0123729 0.0515693
916973824 0.986377 0.993042 0.0515693 0.025021
916973825 0.986377 0.993042 0.316873 0.0123729
916973826 0.986377 0.993042 0.0458133 0.025021
916973827 0.986377 0.993042 0.0458133 0.0515693
916973828 0.986377 0.993042 0.0458133 0.0123729
916973829 0.993042 0.986377 0.316873 0.025021
9169738210 0.993042 0.986377 0.316873 0.0515693
9169738211 0.993042 0.986377 0.0123729 0.025021
9169738212 0.993042 0.986377 0.0123729 0.0515693
9169738213 0.993042 0.986377 0.0515693 0.025021
9169738214 0.993042 0.986377 0.316873 0.0123729
9169738215 0.993042 0.986377 0.0458133 0.025021
9169738216 0.993042 0.986377 0.0458133 0.0515693
9169738217 0.993042 0.986377 0.0458133 0.0123729
9169738218 0.986377 0.993042 0.0458133 0.316873
9169738219 0.993042 0.986377 0.0458133 0.316873
49400990 0.951228 0.992975 0.69164 0.011793
49400991 0.992975 0.951228 0.69164 0.011793
36757750 0.99306 0.989558 0.105828 0.177138
36757751 0.989558 0.99306 0.105828 0.177138
36757752 0.99306 0.989558 0.00954662 0.177138
36757753 0.989558 0.99306 0.00954662 0.177138
36757754 0.99306 0.989558 0.00954662 0.105828
36757755 0.989558 0.99306 0.00954662 0.105828
805255040 0.999975 0.993081 0.0236781 0.0276362
805255041 0.993081 0.999975 0.0236781 0.0276362
805255042 0.999975 0.993081 0.0236781 0.0365317
805255043 0.993081 0.999975 0.0236781 0.0365317
805255044 0.999975 0.993081 0.0236781 0.0428273
805255045 0.999975 0.993081 0.0365317 0.0276362
805255046 0.993081 0.999975 0.0236781 0.0428273
805255047 0.993081 0.999975 0.0365317 0.0276362
805255048 0.999975 0.993081 0.0428273 0.0276362
805255049 0.993081 0.999975 0.0428273 0.0276362
8052550410 0.999975 0.993081 0.0365317 0.0428273
8052550411 0.993081 0.999975 0.0365317 0.0428273
805274210 0.993041 0.909456 0.153807 0.151027
805274211 0.993041 0.909456 0.153807 0.1395
805274212 0.993041 0.909456 0.1395 0.151027
805274213 0.909456 0.993041 0.153807 0.151027
805274214 0.909456 0.993041 0.153807 0.1395
805274215 0.909456 0.993041 0.1395 0.151027
805279260 0.985499 0.993163 0.216611 0.416992
805279261 0.993163 0.985499 0.216611 0.416992
60269550 0.993051 0.858854 0.00994005 0.192764
60269551 0.993051 0.858854 0.357379 0.114043
60269552 0.993051 0.858854 0.357379 0.192764
60269553 0.993051 0.858854 0.00994005 0.0829071
60269554 0.993051 0.858854 0.0829071 0.192764
60269555 0.993051 0.858854 0.00994005 0.114043
60269556 0.993051 0.858854 0.114043 0.192764
60269557 0.993051 0.858854 0.0829071 0.357379
60269558 0.993051 0.858854 0.0829071 0.114043
60269559 0.993051 0.961368 0.00994005 0.192764
602695510 0.993051 0.961368 0.357379 0.114043
602695511 0.993051 0.961368 0.357379 0.192764
602695512 0.993051 0.961368 0.00994005 0.0829071
602695513 0.993051 0.858854 0.00994005 0.357379
602695514 0.993051 0.961368 0.0829071 0.192764
602695515 0.993051 0.961368 0.00994005 0.114043
602695516 0.858854 0.993051 0.357379 0.114043
602695517 0.993051 0.961368 0.858854 0.357379
602695518 0.993051 0.961368 0.0829071 0.357379
602695519 0.858854 0.993051 0.357379 0.192764
602695520 0.993051 0.961368 0.114043 0.192764
602695521 0.858854 0.993051 0.0829071 0.192764
602695522 0.858854 0.993051 0.00994005 0.192764
602695523 0.993051 0.858854 0.961368 0.00994005
602695524 0.993051 0.961368 0.858854 0.192764
602695525 0.858854 0.993051 0.00994005 0.0829071
602695526 0.858854 0.993051 0.00994005 0.114043
602695527 0.858854 0.993051 0.114043 0.192764
602695528 0.858854 0.993051 0.0829071 0.357379
602695529 0.993051 0.961368 0.0829071 0.114043
602695530 0.961368 0.993051 0.00994005 0.192764
602695531 0.961368 0.993051 0.357379 0.114043
602695532 0.961368 0.993051 0.357379 0.192764
602695533 0.961368 0.993051 0.00994005 0.0829071
602695534 0.858854 0.993051 0.0829071 0.114043
602695535 0.961368 0.993051 0.0829071 0.192764
602695536 0.961368 0.993051 0.00994005 0.114043
602695537 0.993051 0.858854 0.961368 0.192764
602695538 0.993051 0.961368 0.858854 0.114043
602695539 0.961368 0.993051 0.114043 0.192764
602695540 0.961368 0.993051 0.0829071 0.357379
602695541 0.961368 0.993051 0.858854 0.357379
602695542 0.961368 0.993051 0.0829071 0.114043
602695543 0.961368 0.993051 0.858854 0.192764
602695544 0.961368 0.993051 0.858854 0.114043
602695545 0.993051 0.961368 0.00994005 0.357379
602695546 0.993051 0.858854 0.961368 0.357379
602695547 0.993051 0.357379 0.00994005 0.192764
602695548 0.858854 0.993051 0.00994005 0.357379
602695549 0.993051 0.961368 0.0829071 0.858854
602695550 0.961368 0.993051 0.00994005 0.357379
602695551 0.858854 0.993051 0.961368 0.00994005
602695552 0.858854 0.993051 0.961368 0.192764
602695553 0.961368 0.993051 0.0829071 0.858854
602695554 0.993051 0.858854 0.961368 0.114043
602695555 0.357379 0.993051 0.00994005 0.192764
602695556 0.858854 0.993051 0.961368 0.357379
602695557 0.993051 0.858854 0.961368 0.0829071
602695558 0.993051 0.357379 0.00994005 0.114043
602695559 0.858854 0.993051 0.961368 0.114043
602695560 0.993051 0.357379 0.00994005 0.0829071
602695561 0.858854 0.993051 0.961368 0.0829071
602695562 0.357379 0.993051 0.00994005 0.114043
602695563 0.993051 0.961368 0.00994005 0.858854
602695564 0.357379 0.993051 0.00994005 0.0829071
602695565 0.961368 0.993051 0.00994005 0.858854
602695566 0.993051 0.357379 0.114043 0.192764
602695567 0.993051 0.357379 0.0829071 0.192764
602695568 0.357379 0.993051 0.114043 0.192764
602695569 0.357379 0.993051 0.0829071 0.192764
602695570 0.993051 0.357379 0.858854 0.192764
602695571 0.993051 0.357379 0.00994005 0.858854
602695572 0.357379 0.993051 0.858854 0.192764
896786270 0.993053 0.997398 0.155945 0.0815461
896786271 0.993053 0.997398 0.0815461 0.223054
896786272 0.993053 0.997398 0.155945 0.223054
896786273 0.997398 0.993053 0.155945 0.0815461
896786274 0.997398 0.993053 0.0815461 0.223054
896786275 0.997398 0.993053 0.155945 0.223054
896786276 0.993053 0.223054 0.155945 0.0815461
896786277 0.223054 0.993053 0.155945 0.0815461
896803920 0.960137 0.992986 0.277539 0.258038
896803921 0.992986 0.960137 0.277539 0.258038
909165660 0.993044 0.999561 0.0839637 0.336826
909165661 0.999561 0.993044 0.0839637 0.336826
586336910 0.990697 0.992991 0.595805 0.35357
586336911 0.990697 0.992991 0.0038925 0.35357
586336912 0.992991 0.990697 0.0038925 0.35357
586336913 0.992991 0.990697 0.595805 0.35357
586336914 0.992991 0.990697 0.0038925 0.595805
586336915 0.990697 0.992991 0.0038925 0.595805
802877260 0.992938 0.920247 0.417273 0.336205
802877261 0.920247 0.992938 0.417273 0.336205
9067880 0.869389 0.993091 0.570004 0.279911
9067881 0.993091 0.869389 0.570004 0.279911
267177530 0.999061 0.993095 0.137437 0.0262561
267177531 0.993095 0.999061 0.137437 0.0262561
286632540 0.993338 0.993958 0.00424881 0.167404
286632541 0.993338 0.993958 0.00424881 0.0466266
286632542 0.993958 0.993338 0.00424881 0.167404
286632543 0.993338 0.993958 0.00424881 0.0617367
286632544 0.993958 0.993338 0.00424881 0.0466266
286632545 0.993958 0.993338 0.00424881 0.0617367
286632546 0.993338 0.993958 0.0466266 0.167404
286632547 0.993958 0.993338 0.0466266 0.167404
286632548 0.993338 0.993958 0.0617367 0.167404
286632549 0.993338 0.993958 0.0674742 0.167404
2866325410 0.993958 0.993338 0.0617367 0.167404
2866325411 0.993958 0.993338 0.0674742 0.167404
2866325412 0.993338 0.993958 0.0674742 0.00424881
2866325413 0.993958 0.993338 0.0674742 0.00424881
2866325414 0.993338 0.993958 0.0617367 0.0466266
553345520 0.993014 0.648016 0.200228 0.0381525
738506500 0.988901 0.992927 0.579481 0.271373
738506501 0.992927 0.988901 0.579481 0.271373
738506502 0.988901 0.992927 0.579481 0.0922709
738506503 0.992927 0.988901 0.579481 0.0922709
738506504 0.988901 0.992927 0.271373 0.0922709
816389990 0.892076 0.993026 0.136338 0.290918
816389991 0.892076 0.993026 0.0795082 0.290918
816389992 0.993026 0.892076 0.136338 0.290918
816389993 0.993026 0.892076 0.0795082 0.290918
816389994 0.892076 0.993026 0.136338 0.0795082
816389995 0.993026 0.892076 0.136338 0.0795082
588443890 0.997932 0.992907 0.382244 0.241563
588443891 0.992907 0.997932 0.382244 0.241563
588608470 0.890407 0.99305 0.00636079 0.0381826
588608471 0.99305 0.890407 0.00636079 0.0381826
567382140 0.911331 0.99315 0.32958 0.296041
567382141 0.99315 0.911331 0.32958 0.296041
492134270 0.993149 0.99954 0.282879 0.211877
76939420 0.999733 0.99315 0.233157 0.30193
76939421 0.99315 0.999733 0.233157 0.30193
833970770 0.998698 0.993159 0.534158 0.0329517
833970771 0.993159 0.998698 0.534158 0.0329517
488060140 0.814815 0.993014 0.550421 0.17012
488060141 0.993014 0.814815 0.550421 0.17012
488060142 0.814815 0.993014 0.550421 0.164451
488060143 0.993014 0.814815 0.550421 0.164451
488060144 0.814815 0.993014 0.550421 0.142048
488060145 0.993014 0.814815 0.550421 0.142048
488060146 0.814815 0.993014 0.131243 0.550421
488060147 0.993014 0.814815 0.131243 0.550421
500827720 0.993261 0.994408 0.0326917 0.111584
500827721 0.994408 0.993261 0.0326917 0.111584
589260030 0.925994 0.993043 0.226053 0.1971
589260031 0.925994 0.993043 0.0154164 0.1971
589260032 0.925994 0.993043 0.0154164 0.226053
589260033 0.925994 0.993043 0.162957 0.226053
589260034 0.925994 0.993043 0.162957 0.1971
589260035 0.993043 0.925994 0.0154164 0.1971
589260036 0.993043 0.925994 0.226053 0.1971
589260037 0.993043 0.925994 0.162957 0.226053
589260038 0.993043 0.925994 0.0154164 0.226053
589260039 0.993043 0.925994 0.162957 0.1971
89943490 0.993085 0.975175 0.0333362 0.439026
89943491 0.975175 0.993085 0.0333362 0.439026
590027870 0.920188 0.993039 0.186358 0.0852972
590027871 0.993039 0.920188 0.186358 0.0852972
