  permutation channel   value      error
 ======================================
           1           2           3           4           5           6
           1  ||            1  ||    0.0000000000000000       ||   0.0000000000000000     
           1  ||            2  ||    0.0000000000000000       ||   0.0000000000000000     
           1  ||            3  ||    0.0000000000000000       ||   0.0000000000000000     
           1  ||            4  ||    0.0000000000000000       ||   0.0000000000000000     
           1  ||            5  ||    0.0000000000000000       ||   0.0000000000000000     
           1  ||            6  ||    0.0000000000000000       ||   0.0000000000000000     
 ======================================
 Weight:   6.27512277389313958E-031 +-  3.51457836289997478E-031
 ======================================
