  permutation channel   value      error
 ======================================
           1           2           3           4           5           6
           1  ||            1  ||    0.0000000000000000       ||   0.0000000000000000     
           1  ||            2  ||    0.0000000000000000       ||   0.0000000000000000     
           1  ||            3  ||    0.0000000000000000       ||   0.0000000000000000     
           1  ||            4  ||    0.0000000000000000       ||   0.0000000000000000     
           1  ||            5  ||    0.0000000000000000       ||   0.0000000000000000     
           1  ||            6  ||    0.0000000000000000       ||   0.0000000000000000     
 ======================================
 Weight:   9.21647147083528494E-033 +-  3.27860915055703264E-033
 ======================================
