  permutation channel   value      error
 ======================================
           1           2           3           4           5           6
           1  ||            1  ||    0.0000000000000000       ||   0.0000000000000000     
           1  ||            2  ||    0.0000000000000000       ||   0.0000000000000000     
           1  ||            3  ||    0.0000000000000000       ||   0.0000000000000000     
           1  ||            4  ||    0.0000000000000000       ||   0.0000000000000000     
           1  ||            5  ||    0.0000000000000000       ||   0.0000000000000000     
           1  ||            6  ||    0.0000000000000000       ||   0.0000000000000000     
 ======================================
 Weight:   7.62129440269485257E-032 +-  2.54193055444538880E-032
 ======================================
