0 626053420 1
1 4 1.88686 2.79888 94.0142 13.3888 1 2 0 0 0
2 4 0.662559 -0.0925187 132.436 26.5948 1 2 0 0 0
3 4 0.378206 0.870147 44.3373 11.0955 1 0 0 0 0
4 4 1.58291 -2.67533 38.9547 6.59899 1 0 0 0 0
5 1 0.744701 -0.799321 77.5177 0.1057 1 0 0 0 0
6 6 0 -1.39667 3.84454 -4.21468e-08 1 0 0 0 0
0 626053421 2
1 4 1.88686 2.79888 94.0142 13.3888 1 2 0 0 0
2 4 0.662559 -0.0925187 132.436 26.5948 1 2 0 0 0
3 4 0.81901 2.97287 77.2008 16.9355 1 0 0 0 0
4 4 1.58291 -2.67533 38.9547 6.59899 1 0 0 0 0
5 1 0.744701 -0.799321 77.5177 0.1057 1 0 0 0 0
6 6 0 -1.39667 3.84454 -4.21468e-08 1 0 0 0 0
0 626053422 2
1 4 1.88686 2.79888 94.0142 13.3888 1 2 0 0 0
2 4 0.662559 -0.0925187 132.436 26.5948 1 2 0 0 0
3 4 0.81901 2.97287 77.2008 16.9355 1 0 0 0 0
4 4 0.378206 0.870147 44.3373 11.0955 1 0 0 0 0
5 1 0.744701 -0.799321 77.5177 0.1057 1 0 0 0 0
6 6 0 -1.39667 3.84454 -4.21468e-08 1 0 0 0 0
0 626053423 2
1 4 0.662559 -0.0925187 132.436 26.5948 1 2 0 0 0
2 4 1.88686 2.79888 94.0142 13.3888 1 2 0 0 0
3 4 0.378206 0.870147 44.3373 11.0955 1 0 0 0 0
4 4 1.58291 -2.67533 38.9547 6.59899 1 0 0 0 0
5 1 0.744701 -0.799321 77.5177 0.1057 1 0 0 0 0
6 6 0 -1.39667 3.84454 -4.21468e-08 1 0 0 0 0
0 626053424 3
1 4 0.662559 -0.0925187 132.436 26.5948 1 2 0 0 0
2 4 1.88686 2.79888 94.0142 13.3888 1 2 0 0 0
3 4 0.81901 2.97287 77.2008 16.9355 1 0 0 0 0
4 4 1.58291 -2.67533 38.9547 6.59899 1 0 0 0 0
5 1 0.744701 -0.799321 77.5177 0.1057 1 0 0 0 0
6 6 0 -1.39667 3.84454 -4.21468e-08 1 0 0 0 0
0 626053425 3
1 4 0.662559 -0.0925187 132.436 26.5948 1 2 0 0 0
2 4 1.88686 2.79888 94.0142 13.3888 1 2 0 0 0
3 4 0.81901 2.97287 77.2008 16.9355 1 0 0 0 0
4 4 0.378206 0.870147 44.3373 11.0955 1 0 0 0 0
5 1 0.744701 -0.799321 77.5177 0.1057 1 0 0 0 0
6 6 0 -1.39667 3.84454 -4.21468e-08 1 0 0 0 0
0 798693550 2
1 4 -1.27109 -3.1291 65.095 10.8537 1 2 0 0 0
2 4 -0.823482 0.360588 89.8252 11.6832 1 2 0 0 0
3 4 -0.891071 -2.24512 48.293 7.30793 1 0 0 0 0
4 4 -1.33803 -0.536861 41.104 10.8816 1 0 0 0 0
5 1 -0.822051 1.6291 57.8854 0.1057 -1 0 0 0 0
6 6 0 -3.03002 14.5134 -1.6049e-07 1 0 0 0 0
0 798693551 3
1 4 -0.823482 0.360588 89.8252 11.6832 1 2 0 0 0
2 4 -1.27109 -3.1291 65.095 10.8537 1 2 0 0 0
3 4 -0.891071 -2.24512 48.293 7.30793 1 0 0 0 0
4 4 -1.33803 -0.536861 41.104 10.8816 1 0 0 0 0
5 1 -0.822051 1.6291 57.8854 0.1057 -1 0 0 0 0
6 6 0 -3.03002 14.5134 -1.6049e-07 1 0 0 0 0
0 1439970 2
1 4 -0.588037 1.05535 42.427 10.2713 1 2 0 0 0
2 4 0.739017 1.05319 122.373 18.9387 1 2 0 0 0
3 4 0.2888 -1.97079 155.406 23.4323 1 0 0 0 0
4 4 0.936506 0.0627684 35.8157 6.37369 1 0 0 0 0
5 1 1.14678 -2.51738 108.515 0.1057 -1 0 0 0 0
6 6 0 0.27546 67.1705 9.53674e-07 1 0 0 0 0
0 1439971 2
1 4 0.739017 1.05319 122.373 18.9387 1 2 0 0 0
2 4 -0.588037 1.05535 42.427 10.2713 1 2 0 0 0
3 4 0.2888 -1.97079 155.406 23.4323 1 0 0 0 0
4 4 0.936506 0.0627684 35.8157 6.37369 1 0 0 0 0
5 1 1.14678 -2.51738 108.515 0.1057 -1 0 0 0 0
6 6 0 0.27546 67.1705 9.53674e-07 1 0 0 0 0
0 365437540 1
1 4 0.415821 -1.26161 129.434 11.2614 1 2 0 0 0
2 4 0.136537 2.87985 62.1249 7.18828 1 2 0 0 0
3 4 1.26247 1.2265 31.7557 4.31976 1 0 0 0 0
4 4 2.12623 2.77849 23.5959 5.35784 1 0 0 0 0
5 1 -0.543496 0.985682 59.6741 0.1057 1 0 0 0 0
6 6 0 1.98825 102.015 0 1 0 0 0 0
0 365437541 2
1 4 0.415821 -1.26161 129.434 11.2614 1 2 0 0 0
2 4 0.136537 2.87985 62.1249 7.18828 1 2 0 0 0
3 4 1.26247 1.2265 31.7557 4.31976 1 0 0 0 0
4 4 -0.609182 -0.626979 26.9817 4.29863 1 0 0 0 0
5 1 -0.543496 0.985682 59.6741 0.1057 1 0 0 0 0
6 6 0 1.98825 102.015 0 1 0 0 0 0
0 365437542 2
1 4 0.415821 -1.26161 129.434 11.2614 1 2 0 0 0
2 4 0.136537 2.87985 62.1249 7.18828 1 2 0 0 0
3 4 1.26247 1.2265 31.7557 4.31976 1 0 0 0 0
4 4 -1.5419 -0.909222 21.191 6.36175 1 0 0 0 0
5 1 -0.543496 0.985682 59.6741 0.1057 1 0 0 0 0
6 6 0 1.98825 102.015 0 1 0 0 0 0
0 365437543 2
1 4 0.136537 2.87985 62.1249 7.18828 1 2 0 0 0
2 4 0.415821 -1.26161 129.434 11.2614 1 2 0 0 0
3 4 1.26247 1.2265 31.7557 4.31976 1 0 0 0 0
4 4 2.12623 2.77849 23.5959 5.35784 1 0 0 0 0
5 1 -0.543496 0.985682 59.6741 0.1057 1 0 0 0 0
6 6 0 1.98825 102.015 0 1 0 0 0 0
0 365437544 3
1 4 0.136537 2.87985 62.1249 7.18828 1 2 0 0 0
2 4 0.415821 -1.26161 129.434 11.2614 1 2 0 0 0
3 4 1.26247 1.2265 31.7557 4.31976 1 0 0 0 0
4 4 -0.609182 -0.626979 26.9817 4.29863 1 0 0 0 0
5 1 -0.543496 0.985682 59.6741 0.1057 1 0 0 0 0
6 6 0 1.98825 102.015 0 1 0 0 0 0
0 365437545 3
1 4 0.136537 2.87985 62.1249 7.18828 1 2 0 0 0
2 4 0.415821 -1.26161 129.434 11.2614 1 2 0 0 0
3 4 1.26247 1.2265 31.7557 4.31976 1 0 0 0 0
4 4 -1.5419 -0.909222 21.191 6.36175 1 0 0 0 0
5 1 -0.543496 0.985682 59.6741 0.1057 1 0 0 0 0
6 6 0 1.98825 102.015 0 1 0 0 0 0
0 365437546 3
1 4 0.415821 -1.26161 129.434 11.2614 1 2 0 0 0
2 4 0.136537 2.87985 62.1249 7.18828 1 2 0 0 0
3 4 -0.609182 -0.626979 26.9817 4.29863 1 0 0 0 0
4 4 2.12623 2.77849 23.5959 5.35784 1 0 0 0 0
5 1 -0.543496 0.985682 59.6741 0.1057 1 0 0 0 0
6 6 0 1.98825 102.015 0 1 0 0 0 0
0 365437547 3
1 4 0.415821 -1.26161 129.434 11.2614 1 2 0 0 0
2 4 0.136537 2.87985 62.1249 7.18828 1 2 0 0 0
3 4 2.12623 2.77849 23.5959 5.35784 1 0 0 0 0
4 4 -1.5419 -0.909222 21.191 6.36175 1 0 0 0 0
5 1 -0.543496 0.985682 59.6741 0.1057 1 0 0 0 0
6 6 0 1.98825 102.015 0 1 0 0 0 0
0 365437548 3
1 4 0.136537 2.87985 62.1249 7.18828 1 2 0 0 0
2 4 0.415821 -1.26161 129.434 11.2614 1 2 0 0 0
3 4 -0.609182 -0.626979 26.9817 4.29863 1 0 0 0 0
4 4 2.12623 2.77849 23.5959 5.35784 1 0 0 0 0
5 1 -0.543496 0.985682 59.6741 0.1057 1 0 0 0 0
6 6 0 1.98825 102.015 0 1 0 0 0 0
0 365437549 3
1 4 0.136537 2.87985 62.1249 7.18828 1 2 0 0 0
2 4 0.415821 -1.26161 129.434 11.2614 1 2 0 0 0
3 4 2.12623 2.77849 23.5959 5.35784 1 0 0 0 0
4 4 -1.5419 -0.909222 21.191 6.36175 1 0 0 0 0
5 1 -0.543496 0.985682 59.6741 0.1057 1 0 0 0 0
6 6 0 1.98825 102.015 0 1 0 0 0 0
0 80170900 1
1 4 -0.728835 0.10375 48.8469 7.95648 1 2 0 0 0
2 4 -1.26339 -2.81489 22.0774 6.67737 1 2 0 0 0
3 4 0.275212 -0.496326 158.17 33.8072 1 0 0 0 0
4 4 -0.388117 -1.88763 29.1916 8.70674 1 0 0 0 0
5 1 0.437325 2.21829 93.828 0.1057 -1 0 0 0 0
6 6 0 2.86243 76.6789 -1.09257e-06 1 0 0 0 0
0 80170901 1
1 4 -0.728835 0.10375 48.8469 7.95648 1 2 0 0 0
2 4 -1.26339 -2.81489 22.0774 6.67737 1 2 0 0 0
3 4 0.721523 -0.859882 46.3164 6.70223 1 0 0 0 0
4 4 -0.388117 -1.88763 29.1916 8.70674 1 0 0 0 0
5 1 0.437325 2.21829 93.828 0.1057 -1 0 0 0 0
6 6 0 2.86243 76.6789 -1.09257e-06 1 0 0 0 0
0 80170902 1
1 4 -1.26339 -2.81489 22.0774 6.67737 1 2 0 0 0
2 4 -0.728835 0.10375 48.8469 7.95648 1 2 0 0 0
3 4 0.275212 -0.496326 158.17 33.8072 1 0 0 0 0
4 4 -0.388117 -1.88763 29.1916 8.70674 1 0 0 0 0
5 1 0.437325 2.21829 93.828 0.1057 -1 0 0 0 0
6 6 0 2.86243 76.6789 -1.09257e-06 1 0 0 0 0
0 80170903 1
1 4 -1.26339 -2.81489 22.0774 6.67737 1 2 0 0 0
2 4 -0.728835 0.10375 48.8469 7.95648 1 2 0 0 0
3 4 0.721523 -0.859882 46.3164 6.70223 1 0 0 0 0
4 4 -0.388117 -1.88763 29.1916 8.70674 1 0 0 0 0
5 1 0.437325 2.21829 93.828 0.1057 -1 0 0 0 0
6 6 0 2.86243 76.6789 -1.09257e-06 1 0 0 0 0
0 840390560 1
1 4 0.640975 -2.60927 132.255 13.5218 1 2 0 0 0
2 4 0.830626 2.21249 30.5841 6.89923 1 2 0 0 0
3 4 -0.807788 -0.759147 56.9588 6.4479 1 0 0 0 0
4 4 1.19285 -0.0671882 22.2736 6.46548 1 0 0 0 0
5 1 1.02051 0.800987 32.5567 0.1057 -1 0 0 0 0
6 6 0 -2.17608 65.0763 1.16801e-06 1 0 0 0 0
0 840390561 1
1 4 0.830626 2.21249 30.5841 6.89923 1 2 0 0 0
2 4 0.640975 -2.60927 132.255 13.5218 1 2 0 0 0
3 4 -0.807788 -0.759147 56.9588 6.4479 1 0 0 0 0
4 4 1.19285 -0.0671882 22.2736 6.46548 1 0 0 0 0
5 1 1.02051 0.800987 32.5567 0.1057 -1 0 0 0 0
6 6 0 -2.17608 65.0763 1.16801e-06 1 0 0 0 0
0 840390562 2
1 4 0.640975 -2.60927 132.255 13.5218 1 2 0 0 0
2 4 0.830626 2.21249 30.5841 6.89923 1 2 0 0 0
3 4 -0.807788 -0.759147 56.9588 6.4479 1 0 0 0 0
4 4 -0.932434 1.16978 37.5687 5.01897 1 0 0 0 0
5 1 1.02051 0.800987 32.5567 0.1057 -1 0 0 0 0
6 6 0 -2.17608 65.0763 1.16801e-06 1 0 0 0 0
0 840390563 3
1 4 0.830626 2.21249 30.5841 6.89923 1 2 0 0 0
2 4 0.640975 -2.60927 132.255 13.5218 1 2 0 0 0
3 4 -0.807788 -0.759147 56.9588 6.4479 1 0 0 0 0
4 4 -0.932434 1.16978 37.5687 5.01897 1 0 0 0 0
5 1 1.02051 0.800987 32.5567 0.1057 -1 0 0 0 0
6 6 0 -2.17608 65.0763 1.16801e-06 1 0 0 0 0
0 1980500 1
1 4 -0.612321 -1.3032 101.985 16.9855 1 2 0 0 0
2 4 -1.48744 -1.91555 44.6543 10.0399 1 2 0 0 0
3 4 -1.50952 2.13212 58.3844 12.765 1 0 0 0 0
4 4 -0.783519 -2.1472 20.0814 4.04288 1 0 0 0 0
5 1 -1.0201 -0.102132 47.4168 0.1057 1 0 0 0 0
6 6 0 1.34341 32.4325 0 1 0 0 0 0
0 1980501 1
1 4 -1.48744 -1.91555 44.6543 10.0399 1 2 0 0 0
2 4 -0.612321 -1.3032 101.985 16.9855 1 2 0 0 0
3 4 -1.50952 2.13212 58.3844 12.765 1 0 0 0 0
4 4 -0.783519 -2.1472 20.0814 4.04288 1 0 0 0 0
5 1 -1.0201 -0.102132 47.4168 0.1057 1 0 0 0 0
6 6 0 1.34341 32.4325 0 1 0 0 0 0
0 1980502 1
1 4 -0.612321 -1.3032 101.985 16.9855 1 2 0 0 0
2 4 -1.48744 -1.91555 44.6543 10.0399 1 2 0 0 0
3 4 -0.186847 1.94931 38.6539 7.70484 1 0 0 0 0
4 4 -0.783519 -2.1472 20.0814 4.04288 1 0 0 0 0
5 1 -1.0201 -0.102132 47.4168 0.1057 1 0 0 0 0
6 6 0 1.34341 32.4325 0 1 0 0 0 0
0 1980503 1
1 4 -1.48744 -1.91555 44.6543 10.0399 1 2 0 0 0
2 4 -0.612321 -1.3032 101.985 16.9855 1 2 0 0 0
3 4 -0.186847 1.94931 38.6539 7.70484 1 0 0 0 0
4 4 -0.783519 -2.1472 20.0814 4.04288 1 0 0 0 0
5 1 -1.0201 -0.102132 47.4168 0.1057 1 0 0 0 0
6 6 0 1.34341 32.4325 0 1 0 0 0 0
0 455632430 2
1 4 1.84581 1.41662 74.8679 10.9536 1 2 0 0 0
2 4 1.11504 -2.02714 79.2137 14.2495 1 2 0 0 0
3 4 1.08955 0.720469 63.5319 10.0158 1 0 0 0 0
4 4 0.978813 -0.596108 26.3568 6.43916 1 0 0 0 0
5 1 -0.522628 -2.08645 60.087 0.1057 1 0 0 0 0
6 6 0 -2.69253 36.0724 4.76837e-07 1 0 0 0 0
0 455632431 3
1 4 1.11504 -2.02714 79.2137 14.2495 1 2 0 0 0
2 4 1.84581 1.41662 74.8679 10.9536 1 2 0 0 0
3 4 1.08955 0.720469 63.5319 10.0158 1 0 0 0 0
4 4 0.978813 -0.596108 26.3568 6.43916 1 0 0 0 0
5 1 -0.522628 -2.08645 60.087 0.1057 1 0 0 0 0
6 6 0 -2.69253 36.0724 4.76837e-07 1 0 0 0 0
0 74633510 2
1 4 -1.26487 2.36564 110.99 18.507 1 2 0 0 0
2 4 -1.02773 -0.17245 123.99 13.5391 1 2 0 0 0
3 4 -0.295235 2.73951 154.065 21.9011 1 0 0 0 0
4 4 -1.27309 1.51855 26.8878 7.66307 1 0 0 0 0
5 1 -0.928385 -1.58708 51.3796 0.1057 1 0 0 0 0
6 6 0 -0.856107 113.27 0 1 0 0 0 0
0 74633511 3
1 4 -1.02773 -0.17245 123.99 13.5391 1 2 0 0 0
2 4 -1.26487 2.36564 110.99 18.507 1 2 0 0 0
3 4 -0.295235 2.73951 154.065 21.9011 1 0 0 0 0
4 4 -1.27309 1.51855 26.8878 7.66307 1 0 0 0 0
5 1 -0.928385 -1.58708 51.3796 0.1057 1 0 0 0 0
6 6 0 -0.856107 113.27 0 1 0 0 0 0
0 240738070 1
1 4 1.66083 -2.74517 58.6825 9.7628 1 2 0 0 0
2 4 -0.709066 -2.18137 74.1369 9.98767 1 2 0 0 0
3 4 0.804239 0.897991 76.4186 15.6592 1 0 0 0 0
4 4 0.585365 -0.562491 33.8902 10.315 1 0 0 0 0
5 1 0.0469508 -1.23299 35.964 0.1057 1 0 0 0 0
6 6 0 1.90711 45.4806 0 1 0 0 0 0
0 240738071 1
1 4 -0.709066 -2.18137 74.1369 9.98767 1 2 0 0 0
2 4 1.66083 -2.74517 58.6825 9.7628 1 2 0 0 0
3 4 0.804239 0.897991 76.4186 15.6592 1 0 0 0 0
4 4 0.585365 -0.562491 33.8902 10.315 1 0 0 0 0
5 1 0.0469508 -1.23299 35.964 0.1057 1 0 0 0 0
6 6 0 1.90711 45.4806 0 1 0 0 0 0
0 240738072 2
1 4 1.66083 -2.74517 58.6825 9.7628 1 2 0 0 0
2 4 -0.709066 -2.18137 74.1369 9.98767 1 2 0 0 0
3 4 1.12256 1.48984 41.1905 6.59858 1 0 0 0 0
4 4 0.585365 -0.562491 33.8902 10.315 1 0 0 0 0
5 1 0.0469508 -1.23299 35.964 0.1057 1 0 0 0 0
6 6 0 1.90711 45.4806 0 1 0 0 0 0
0 240738073 3
1 4 -0.709066 -2.18137 74.1369 9.98767 1 2 0 0 0
2 4 1.66083 -2.74517 58.6825 9.7628 1 2 0 0 0
3 4 1.12256 1.48984 41.1905 6.59858 1 0 0 0 0
4 4 0.585365 -0.562491 33.8902 10.315 1 0 0 0 0
5 1 0.0469508 -1.23299 35.964 0.1057 1 0 0 0 0
6 6 0 1.90711 45.4806 0 1 0 0 0 0
0 240738074 3
1 4 1.66083 -2.74517 58.6825 9.7628 1 2 0 0 0
2 4 -0.709066 -2.18137 74.1369 9.98767 1 2 0 0 0
3 4 0.804239 0.897991 76.4186 15.6592 1 0 0 0 0
4 4 1.12256 1.48984 41.1905 6.59858 1 0 0 0 0
5 1 0.0469508 -1.23299 35.964 0.1057 1 0 0 0 0
6 6 0 1.90711 45.4806 0 1 0 0 0 0
0 240738075 3
1 4 -0.709066 -2.18137 74.1369 9.98767 1 2 0 0 0
2 4 1.66083 -2.74517 58.6825 9.7628 1 2 0 0 0
3 4 0.804239 0.897991 76.4186 15.6592 1 0 0 0 0
4 4 1.12256 1.48984 41.1905 6.59858 1 0 0 0 0
5 1 0.0469508 -1.23299 35.964 0.1057 1 0 0 0 0
6 6 0 1.90711 45.4806 0 1 0 0 0 0
0 25547240 1
1 4 0.432134 2.70963 102.754 10.6694 1 2 0 0 0
2 4 0.269657 0.567199 93.3788 15.9642 1 2 0 0 0
3 4 0.30757 -1.76264 88.2963 9.97639 1 0 0 0 0
4 4 -0.342702 0.414057 26.7729 2.68898 1 0 0 0 0
5 1 -0.0499399 1.07678 39.3378 0.1057 -1 0 0 0 0
6 6 0 -0.330756 70.9313 -4.76837e-07 1 0 0 0 0
0 916973820 1
1 4 -0.444104 -3.03043 123.454 12.5509 1 2 0 0 0
2 4 1.11807 2.42366 46.6294 11.2838 1 2 0 0 0
3 4 -1.06855 2.26564 103.91 15.9081 1 0 0 0 0
4 4 0.293518 1.81408 27.7571 7.2443 1 0 0 0 0
5 1 -0.00656103 -2.53123 96.5856 0.1057 1 0 0 0 0
6 6 0 2.40075 43.1339 -4.76837e-07 1 0 0 0 0
0 916973821 1
1 4 -0.444104 -3.03043 123.454 12.5509 1 2 0 0 0
2 4 1.11807 2.42366 46.6294 11.2838 1 2 0 0 0
3 4 -1.06855 2.26564 103.91 15.9081 1 0 0 0 0
4 4 -0.761265 1.50602 53.8826 11.504 1 0 0 0 0
5 1 -0.00656103 -2.53123 96.5856 0.1057 1 0 0 0 0
6 6 0 2.40075 43.1339 -4.76837e-07 1 0 0 0 0
0 916973822 2
1 4 -0.444104 -3.03043 123.454 12.5509 1 2 0 0 0
2 4 1.11807 2.42366 46.6294 11.2838 1 2 0 0 0
3 4 -0.130505 -1.56758 70.9135 10.2695 1 0 0 0 0
4 4 0.293518 1.81408 27.7571 7.2443 1 0 0 0 0
5 1 -0.00656103 -2.53123 96.5856 0.1057 1 0 0 0 0
6 6 0 2.40075 43.1339 -4.76837e-07 1 0 0 0 0
0 916973823 2
1 4 -0.444104 -3.03043 123.454 12.5509 1 2 0 0 0
2 4 1.11807 2.42366 46.6294 11.2838 1 2 0 0 0
3 4 -0.130505 -1.56758 70.9135 10.2695 1 0 0 0 0
4 4 -0.761265 1.50602 53.8826 11.504 1 0 0 0 0
5 1 -0.00656103 -2.53123 96.5856 0.1057 1 0 0 0 0
6 6 0 2.40075 43.1339 -4.76837e-07 1 0 0 0 0
0 916973824 2
1 4 -0.444104 -3.03043 123.454 12.5509 1 2 0 0 0
2 4 1.11807 2.42366 46.6294 11.2838 1 2 0 0 0
3 4 -0.761265 1.50602 53.8826 11.504 1 0 0 0 0
4 4 0.293518 1.81408 27.7571 7.2443 1 0 0 0 0
5 1 -0.00656103 -2.53123 96.5856 0.1057 1 0 0 0 0
6 6 0 2.40075 43.1339 -4.76837e-07 1 0 0 0 0
0 916973825 2
1 4 -0.444104 -3.03043 123.454 12.5509 1 2 0 0 0
2 4 1.11807 2.42366 46.6294 11.2838 1 2 0 0 0
3 4 -1.06855 2.26564 103.91 15.9081 1 0 0 0 0
4 4 -0.130505 -1.56758 70.9135 10.2695 1 0 0 0 0
5 1 -0.00656103 -2.53123 96.5856 0.1057 1 0 0 0 0
6 6 0 2.40075 43.1339 -4.76837e-07 1 0 0 0 0
0 916973826 2
1 4 -0.444104 -3.03043 123.454 12.5509 1 2 0 0 0
2 4 1.11807 2.42366 46.6294 11.2838 1 2 0 0 0
3 4 -0.913899 -0.224921 378.13 31.2189 1 0 0 0 0
4 4 0.293518 1.81408 27.7571 7.2443 1 0 0 0 0
5 1 -0.00656103 -2.53123 96.5856 0.1057 1 0 0 0 0
6 6 0 2.40075 43.1339 -4.76837e-07 1 0 0 0 0
0 916973827 2
1 4 -0.444104 -3.03043 123.454 12.5509 1 2 0 0 0
2 4 1.11807 2.42366 46.6294 11.2838 1 2 0 0 0
3 4 -0.913899 -0.224921 378.13 31.2189 1 0 0 0 0
4 4 -0.761265 1.50602 53.8826 11.504 1 0 0 0 0
5 1 -0.00656103 -2.53123 96.5856 0.1057 1 0 0 0 0
6 6 0 2.40075 43.1339 -4.76837e-07 1 0 0 0 0
0 916973828 2
1 4 -0.444104 -3.03043 123.454 12.5509 1 2 0 0 0
2 4 1.11807 2.42366 46.6294 11.2838 1 2 0 0 0
3 4 -0.913899 -0.224921 378.13 31.2189 1 0 0 0 0
4 4 -0.130505 -1.56758 70.9135 10.2695 1 0 0 0 0
5 1 -0.00656103 -2.53123 96.5856 0.1057 1 0 0 0 0
6 6 0 2.40075 43.1339 -4.76837e-07 1 0 0 0 0
0 916973829 2
1 4 1.11807 2.42366 46.6294 11.2838 1 2 0 0 0
2 4 -0.444104 -3.03043 123.454 12.5509 1 2 0 0 0
3 4 -1.06855 2.26564 103.91 15.9081 1 0 0 0 0
4 4 0.293518 1.81408 27.7571 7.2443 1 0 0 0 0
5 1 -0.00656103 -2.53123 96.5856 0.1057 1 0 0 0 0
6 6 0 2.40075 43.1339 -4.76837e-07 1 0 0 0 0
0 9169738210 2
1 4 1.11807 2.42366 46.6294 11.2838 1 2 0 0 0
2 4 -0.444104 -3.03043 123.454 12.5509 1 2 0 0 0
3 4 -1.06855 2.26564 103.91 15.9081 1 0 0 0 0
4 4 -0.761265 1.50602 53.8826 11.504 1 0 0 0 0
5 1 -0.00656103 -2.53123 96.5856 0.1057 1 0 0 0 0
6 6 0 2.40075 43.1339 -4.76837e-07 1 0 0 0 0
0 9169738211 3
1 4 1.11807 2.42366 46.6294 11.2838 1 2 0 0 0
2 4 -0.444104 -3.03043 123.454 12.5509 1 2 0 0 0
3 4 -0.130505 -1.56758 70.9135 10.2695 1 0 0 0 0
4 4 0.293518 1.81408 27.7571 7.2443 1 0 0 0 0
5 1 -0.00656103 -2.53123 96.5856 0.1057 1 0 0 0 0
6 6 0 2.40075 43.1339 -4.76837e-07 1 0 0 0 0
0 9169738212 3
1 4 1.11807 2.42366 46.6294 11.2838 1 2 0 0 0
2 4 -0.444104 -3.03043 123.454 12.5509 1 2 0 0 0
3 4 -0.130505 -1.56758 70.9135 10.2695 1 0 0 0 0
4 4 -0.761265 1.50602 53.8826 11.504 1 0 0 0 0
5 1 -0.00656103 -2.53123 96.5856 0.1057 1 0 0 0 0
6 6 0 2.40075 43.1339 -4.76837e-07 1 0 0 0 0
0 9169738213 3
1 4 1.11807 2.42366 46.6294 11.2838 1 2 0 0 0
2 4 -0.444104 -3.03043 123.454 12.5509 1 2 0 0 0
3 4 -0.761265 1.50602 53.8826 11.504 1 0 0 0 0
4 4 0.293518 1.81408 27.7571 7.2443 1 0 0 0 0
5 1 -0.00656103 -2.53123 96.5856 0.1057 1 0 0 0 0
6 6 0 2.40075 43.1339 -4.76837e-07 1 0 0 0 0
0 9169738214 3
1 4 1.11807 2.42366 46.6294 11.2838 1 2 0 0 0
2 4 -0.444104 -3.03043 123.454 12.5509 1 2 0 0 0
3 4 -1.06855 2.26564 103.91 15.9081 1 0 0 0 0
4 4 -0.130505 -1.56758 70.9135 10.2695 1 0 0 0 0
5 1 -0.00656103 -2.53123 96.5856 0.1057 1 0 0 0 0
6 6 0 2.40075 43.1339 -4.76837e-07 1 0 0 0 0
0 9169738215 3
1 4 1.11807 2.42366 46.6294 11.2838 1 2 0 0 0
2 4 -0.444104 -3.03043 123.454 12.5509 1 2 0 0 0
3 4 -0.913899 -0.224921 378.13 31.2189 1 0 0 0 0
4 4 0.293518 1.81408 27.7571 7.2443 1 0 0 0 0
5 1 -0.00656103 -2.53123 96.5856 0.1057 1 0 0 0 0
6 6 0 2.40075 43.1339 -4.76837e-07 1 0 0 0 0
0 9169738216 3
1 4 1.11807 2.42366 46.6294 11.2838 1 2 0 0 0
2 4 -0.444104 -3.03043 123.454 12.5509 1 2 0 0 0
3 4 -0.913899 -0.224921 378.13 31.2189 1 0 0 0 0
4 4 -0.761265 1.50602 53.8826 11.504 1 0 0 0 0
5 1 -0.00656103 -2.53123 96.5856 0.1057 1 0 0 0 0
6 6 0 2.40075 43.1339 -4.76837e-07 1 0 0 0 0
0 9169738217 3
1 4 1.11807 2.42366 46.6294 11.2838 1 2 0 0 0
2 4 -0.444104 -3.03043 123.454 12.5509 1 2 0 0 0
3 4 -0.913899 -0.224921 378.13 31.2189 1 0 0 0 0
4 4 -0.130505 -1.56758 70.9135 10.2695 1 0 0 0 0
5 1 -0.00656103 -2.53123 96.5856 0.1057 1 0 0 0 0
6 6 0 2.40075 43.1339 -4.76837e-07 1 0 0 0 0
0 9169738218 3
1 4 -0.444104 -3.03043 123.454 12.5509 1 2 0 0 0
2 4 1.11807 2.42366 46.6294 11.2838 1 2 0 0 0
3 4 -0.913899 -0.224921 378.13 31.2189 1 0 0 0 0
4 4 -1.06855 2.26564 103.91 15.9081 1 0 0 0 0
5 1 -0.00656103 -2.53123 96.5856 0.1057 1 0 0 0 0
6 6 0 2.40075 43.1339 -4.76837e-07 1 0 0 0 0
0 9169738219 3
1 4 1.11807 2.42366 46.6294 11.2838 1 2 0 0 0
2 4 -0.444104 -3.03043 123.454 12.5509 1 2 0 0 0
3 4 -0.913899 -0.224921 378.13 31.2189 1 0 0 0 0
4 4 -1.06855 2.26564 103.91 15.9081 1 0 0 0 0
5 1 -0.00656103 -2.53123 96.5856 0.1057 1 0 0 0 0
6 6 0 2.40075 43.1339 -4.76837e-07 1 0 0 0 0
0 49400990 1
1 4 -0.0992252 1.08347 51.4923 11.7224 1 2 0 0 0
2 4 -0.836138 2.83928 376.7 44.2232 1 2 0 0 0
3 4 0.680746 -0.346383 312.016 44.5047 1 0 0 0 0
4 4 0.659201 -1.01359 54.4401 11.2938 1 0 0 0 0
5 1 1.1303 2.87961 63.9549 0.1057 1 0 0 0 0
6 6 0 0.426596 24.2475 3.76973e-07 1 0 0 0 0
0 49400991 1
1 4 -0.836138 2.83928 376.7 44.2232 1 2 0 0 0
2 4 -0.0992252 1.08347 51.4923 11.7224 1 2 0 0 0
3 4 0.680746 -0.346383 312.016 44.5047 1 0 0 0 0
4 4 0.659201 -1.01359 54.4401 11.2938 1 0 0 0 0
5 1 1.1303 2.87961 63.9549 0.1057 1 0 0 0 0
6 6 0 0.426596 24.2475 3.76973e-07 1 0 0 0 0
0 36757750 2
1 4 -1.82086 -1.06718 42.379 8.03479 1 2 0 0 0
2 4 -0.540627 -1.3403 90.9869 10.0229 1 2 0 0 0
3 4 -1.57721 1.42618 83.0509 13.0036 1 0 0 0 0
4 4 -1.35272 2.8853 43.3428 5.93698 1 0 0 0 0
5 1 -1.19001 -1.93136 120.716 0.1057 1 0 0 0 0
6 6 0 -2.76987 41.4485 -4.4604e-07 1 0 0 0 0
0 36757751 3
1 4 -0.540627 -1.3403 90.9869 10.0229 1 2 0 0 0
2 4 -1.82086 -1.06718 42.379 8.03479 1 2 0 0 0
3 4 -1.57721 1.42618 83.0509 13.0036 1 0 0 0 0
4 4 -1.35272 2.8853 43.3428 5.93698 1 0 0 0 0
5 1 -1.19001 -1.93136 120.716 0.1057 1 0 0 0 0
6 6 0 -2.76987 41.4485 -4.4604e-07 1 0 0 0 0
0 36757752 3
1 4 -1.82086 -1.06718 42.379 8.03479 1 2 0 0 0
2 4 -0.540627 -1.3403 90.9869 10.0229 1 2 0 0 0
3 4 0.204021 1.11195 99.4264 21.1525 1 0 0 0 0
4 4 -1.35272 2.8853 43.3428 5.93698 1 0 0 0 0
5 1 -1.19001 -1.93136 120.716 0.1057 1 0 0 0 0
6 6 0 -2.76987 41.4485 -4.4604e-07 1 0 0 0 0
0 36757753 3
1 4 -0.540627 -1.3403 90.9869 10.0229 1 2 0 0 0
2 4 -1.82086 -1.06718 42.379 8.03479 1 2 0 0 0
3 4 0.204021 1.11195 99.4264 21.1525 1 0 0 0 0
4 4 -1.35272 2.8853 43.3428 5.93698 1 0 0 0 0
5 1 -1.19001 -1.93136 120.716 0.1057 1 0 0 0 0
6 6 0 -2.76987 41.4485 -4.4604e-07 1 0 0 0 0
0 36757754 3
1 4 -1.82086 -1.06718 42.379 8.03479 1 2 0 0 0
2 4 -0.540627 -1.3403 90.9869 10.0229 1 2 0 0 0
3 4 0.204021 1.11195 99.4264 21.1525 1 0 0 0 0
4 4 -1.57721 1.42618 83.0509 13.0036 1 0 0 0 0
5 1 -1.19001 -1.93136 120.716 0.1057 1 0 0 0 0
6 6 0 -2.76987 41.4485 -4.4604e-07 1 0 0 0 0
0 36757755 3
1 4 -0.540627 -1.3403 90.9869 10.0229 1 2 0 0 0
2 4 -1.82086 -1.06718 42.379 8.03479 1 2 0 0 0
3 4 0.204021 1.11195 99.4264 21.1525 1 0 0 0 0
4 4 -1.57721 1.42618 83.0509 13.0036 1 0 0 0 0
5 1 -1.19001 -1.93136 120.716 0.1057 1 0 0 0 0
6 6 0 -2.76987 41.4485 -4.4604e-07 1 0 0 0 0
0 805255040 1
1 4 0.724054 2.41386 71.7982 11.7526 1 2 0 0 0
2 4 -0.0698272 1.23428 86.5716 17.2032 1 2 0 0 0
3 4 0.105843 0.204154 102.29 17.1089 1 0 0 0 0
4 4 1.04526 -2.91572 36.8895 8.69605 1 0 0 0 0
5 1 0.970442 -2.10002 58.5078 0.1057 1 0 0 0 0
6 6 0 -2.56056 159.035 2.33602e-06 1 0 0 0 0
0 805255041 1
1 4 -0.0698272 1.23428 86.5716 17.2032 1 2 0 0 0
2 4 0.724054 2.41386 71.7982 11.7526 1 2 0 0 0
3 4 0.105843 0.204154 102.29 17.1089 1 0 0 0 0
4 4 1.04526 -2.91572 36.8895 8.69605 1 0 0 0 0
5 1 0.970442 -2.10002 58.5078 0.1057 1 0 0 0 0
6 6 0 -2.56056 159.035 2.33602e-06 1 0 0 0 0
0 805255042 3
1 4 0.724054 2.41386 71.7982 11.7526 1 2 0 0 0
2 4 -0.0698272 1.23428 86.5716 17.2032 1 2 0 0 0
3 4 0.105843 0.204154 102.29 17.1089 1 0 0 0 0
4 4 -0.606797 -0.41481 46.2974 8.55556 1 0 0 0 0
5 1 0.970442 -2.10002 58.5078 0.1057 1 0 0 0 0
6 6 0 -2.56056 159.035 2.33602e-06 1 0 0 0 0
0 805255043 2
1 4 -0.0698272 1.23428 86.5716 17.2032 1 2 0 0 0
2 4 0.724054 2.41386 71.7982 11.7526 1 2 0 0 0
3 4 0.105843 0.204154 102.29 17.1089 1 0 0 0 0
4 4 -0.606797 -0.41481 46.2974 8.55556 1 0 0 0 0
5 1 0.970442 -2.10002 58.5078 0.1057 1 0 0 0 0
6 6 0 -2.56056 159.035 2.33602e-06 1 0 0 0 0
0 805255044 2
1 4 0.724054 2.41386 71.7982 11.7526 1 2 0 0 0
2 4 -0.0698272 1.23428 86.5716 17.2032 1 2 0 0 0
3 4 0.105843 0.204154 102.29 17.1089 1 0 0 0 0
4 4 -0.546994 0.32272 39.5146 5.80854 1 0 0 0 0
5 1 0.970442 -2.10002 58.5078 0.1057 1 0 0 0 0
6 6 0 -2.56056 159.035 2.33602e-06 1 0 0 0 0
0 805255045 2
1 4 0.724054 2.41386 71.7982 11.7526 1 2 0 0 0
2 4 -0.0698272 1.23428 86.5716 17.2032 1 2 0 0 0
3 4 -0.606797 -0.41481 46.2974 8.55556 1 0 0 0 0
4 4 1.04526 -2.91572 36.8895 8.69605 1 0 0 0 0
5 1 0.970442 -2.10002 58.5078 0.1057 1 0 0 0 0
6 6 0 -2.56056 159.035 2.33602e-06 1 0 0 0 0
0 805255046 2
1 4 -0.0698272 1.23428 86.5716 17.2032 1 2 0 0 0
2 4 0.724054 2.41386 71.7982 11.7526 1 2 0 0 0
3 4 0.105843 0.204154 102.29 17.1089 1 0 0 0 0
4 4 -0.546994 0.32272 39.5146 5.80854 1 0 0 0 0
5 1 0.970442 -2.10002 58.5078 0.1057 1 0 0 0 0
6 6 0 -2.56056 159.035 2.33602e-06 1 0 0 0 0
0 805255047 2
1 4 -0.0698272 1.23428 86.5716 17.2032 1 2 0 0 0
2 4 0.724054 2.41386 71.7982 11.7526 1 2 0 0 0
3 4 -0.606797 -0.41481 46.2974 8.55556 1 0 0 0 0
4 4 1.04526 -2.91572 36.8895 8.69605 1 0 0 0 0
5 1 0.970442 -2.10002 58.5078 0.1057 1 0 0 0 0
6 6 0 -2.56056 159.035 2.33602e-06 1 0 0 0 0
0 805255048 2
1 4 0.724054 2.41386 71.7982 11.7526 1 2 0 0 0
2 4 -0.0698272 1.23428 86.5716 17.2032 1 2 0 0 0
3 4 -0.546994 0.32272 39.5146 5.80854 1 0 0 0 0
4 4 1.04526 -2.91572 36.8895 8.69605 1 0 0 0 0
5 1 0.970442 -2.10002 58.5078 0.1057 1 0 0 0 0
6 6 0 -2.56056 159.035 2.33602e-06 1 0 0 0 0
0 805255049 2
1 4 -0.0698272 1.23428 86.5716 17.2032 1 2 0 0 0
2 4 0.724054 2.41386 71.7982 11.7526 1 2 0 0 0
3 4 -0.546994 0.32272 39.5146 5.80854 1 0 0 0 0
4 4 1.04526 -2.91572 36.8895 8.69605 1 0 0 0 0
5 1 0.970442 -2.10002 58.5078 0.1057 1 0 0 0 0
6 6 0 -2.56056 159.035 2.33602e-06 1 0 0 0 0
0 8052550410 2
1 4 0.724054 2.41386 71.7982 11.7526 1 2 0 0 0
2 4 -0.0698272 1.23428 86.5716 17.2032 1 2 0 0 0
3 4 -0.606797 -0.41481 46.2974 8.55556 1 0 0 0 0
4 4 -0.546994 0.32272 39.5146 5.80854 1 0 0 0 0
5 1 0.970442 -2.10002 58.5078 0.1057 1 0 0 0 0
6 6 0 -2.56056 159.035 2.33602e-06 1 0 0 0 0
0 8052550411 2
1 4 -0.0698272 1.23428 86.5716 17.2032 1 2 0 0 0
2 4 0.724054 2.41386 71.7982 11.7526 1 2 0 0 0
3 4 -0.606797 -0.41481 46.2974 8.55556 1 0 0 0 0
4 4 -0.546994 0.32272 39.5146 5.80854 1 0 0 0 0
5 1 0.970442 -2.10002 58.5078 0.1057 1 0 0 0 0
6 6 0 -2.56056 159.035 2.33602e-06 1 0 0 0 0
0 805274210 2
1 4 0.0637605 0.764497 79.6935 10.6424 1 2 0 0 0
2 4 0.0397218 -1.0451 69.024 10.2982 1 2 0 0 0
3 4 1.43057 1.98545 37.3234 8.35592 1 0 0 0 0
4 4 -0.191105 -2.81989 24.1795 5.67423 1 0 0 0 0
5 1 0.905314 -2.39463 45.2681 0.1057 1 0 0 0 0
6 6 0 1.38141 23.2276 0 1 0 0 0 0
0 805274211 2
1 4 0.0637605 0.764497 79.6935 10.6424 1 2 0 0 0
2 4 0.0397218 -1.0451 69.024 10.2982 1 2 0 0 0
3 4 1.43057 1.98545 37.3234 8.35592 1 0 0 0 0
4 4 2.27228 -1.89005 26.0716 4.57962 1 0 0 0 0
5 1 0.905314 -2.39463 45.2681 0.1057 1 0 0 0 0
6 6 0 1.38141 23.2276 0 1 0 0 0 0
0 805274212 2
1 4 0.0637605 0.764497 79.6935 10.6424 1 2 0 0 0
2 4 0.0397218 -1.0451 69.024 10.2982 1 2 0 0 0
3 4 2.27228 -1.89005 26.0716 4.57962 1 0 0 0 0
4 4 -0.191105 -2.81989 24.1795 5.67423 1 0 0 0 0
5 1 0.905314 -2.39463 45.2681 0.1057 1 0 0 0 0
6 6 0 1.38141 23.2276 0 1 0 0 0 0
0 805274213 3
1 4 0.0397218 -1.0451 69.024 10.2982 1 2 0 0 0
2 4 0.0637605 0.764497 79.6935 10.6424 1 2 0 0 0
3 4 1.43057 1.98545 37.3234 8.35592 1 0 0 0 0
4 4 -0.191105 -2.81989 24.1795 5.67423 1 0 0 0 0
5 1 0.905314 -2.39463 45.2681 0.1057 1 0 0 0 0
6 6 0 1.38141 23.2276 0 1 0 0 0 0
0 805274214 3
1 4 0.0397218 -1.0451 69.024 10.2982 1 2 0 0 0
2 4 0.0637605 0.764497 79.6935 10.6424 1 2 0 0 0
3 4 1.43057 1.98545 37.3234 8.35592 1 0 0 0 0
4 4 2.27228 -1.89005 26.0716 4.57962 1 0 0 0 0
5 1 0.905314 -2.39463 45.2681 0.1057 1 0 0 0 0
6 6 0 1.38141 23.2276 0 1 0 0 0 0
0 805274215 3
1 4 0.0397218 -1.0451 69.024 10.2982 1 2 0 0 0
2 4 0.0637605 0.764497 79.6935 10.6424 1 2 0 0 0
3 4 2.27228 -1.89005 26.0716 4.57962 1 0 0 0 0
4 4 -0.191105 -2.81989 24.1795 5.67423 1 0 0 0 0
5 1 0.905314 -2.39463 45.2681 0.1057 1 0 0 0 0
6 6 0 1.38141 23.2276 0 1 0 0 0 0
0 805279260 2
1 4 2.01007 -1.42218 64.9218 8.08156 1 2 0 0 0
2 4 1.14404 -0.164023 54.7486 9.91998 1 2 0 0 0
3 4 2.04462 2.68203 53.1826 8.25584 1 0 0 0 0
4 4 1.77495 0.729836 39.9871 9.17432 1 0 0 0 0
5 1 -0.76276 1.55815 28.6843 0.1057 1 0 0 0 0
6 6 0 -1.43114 8.14507 0 1 0 0 0 0
0 805279261 3
1 4 1.14404 -0.164023 54.7486 9.91998 1 2 0 0 0
2 4 2.01007 -1.42218 64.9218 8.08156 1 2 0 0 0
3 4 2.04462 2.68203 53.1826 8.25584 1 0 0 0 0
4 4 1.77495 0.729836 39.9871 9.17432 1 0 0 0 0
5 1 -0.76276 1.55815 28.6843 0.1057 1 0 0 0 0
6 6 0 -1.43114 8.14507 0 1 0 0 0 0
0 60269550 1
1 4 0.503738 -1.53115 119.052 18.3855 1 2 0 0 0
2 4 -1.81914 1.60228 55.7254 12.0095 1 2 0 0 0
3 4 1.54987 -2.55721 62.7185 10.0201 1 0 0 0 0
4 4 0.530465 1.19973 21.2477 4.99 1 0 0 0 0
5 1 0.653762 -0.460171 96.4534 0.1057 -1 0 0 0 0
6 6 0 0.773696 25.0298 -2.38419e-07 1 0 0 0 0
0 60269551 1
1 4 0.503738 -1.53115 119.052 18.3855 1 2 0 0 0
2 4 -1.81914 1.60228 55.7254 12.0095 1 2 0 0 0
3 4 -1.05239 1.68217 45.9505 11.7373 1 0 0 0 0
4 4 0.582767 3.05667 22.848 6.10189 1 0 0 0 0
5 1 0.653762 -0.460171 96.4534 0.1057 -1 0 0 0 0
6 6 0 0.773696 25.0298 -2.38419e-07 1 0 0 0 0
0 60269552 1
1 4 0.503738 -1.53115 119.052 18.3855 1 2 0 0 0
2 4 -1.81914 1.60228 55.7254 12.0095 1 2 0 0 0
3 4 -1.05239 1.68217 45.9505 11.7373 1 0 0 0 0
4 4 0.530465 1.19973 21.2477 4.99 1 0 0 0 0
5 1 0.653762 -0.460171 96.4534 0.1057 -1 0 0 0 0
6 6 0 0.773696 25.0298 -2.38419e-07 1 0 0 0 0
0 60269553 1
1 4 0.503738 -1.53115 119.052 18.3855 1 2 0 0 0
2 4 -1.81914 1.60228 55.7254 12.0095 1 2 0 0 0
3 4 1.54987 -2.55721 62.7185 10.0201 1 0 0 0 0
4 4 0.418274 -2.25932 61.1443 6.81922 1 0 0 0 0
5 1 0.653762 -0.460171 96.4534 0.1057 -1 0 0 0 0
6 6 0 0.773696 25.0298 -2.38419e-07 1 0 0 0 0
0 60269554 1
1 4 0.503738 -1.53115 119.052 18.3855 1 2 0 0 0
2 4 -1.81914 1.60228 55.7254 12.0095 1 2 0 0 0
3 4 0.418274 -2.25932 61.1443 6.81922 1 0 0 0 0
4 4 0.530465 1.19973 21.2477 4.99 1 0 0 0 0
5 1 0.653762 -0.460171 96.4534 0.1057 -1 0 0 0 0
6 6 0 0.773696 25.0298 -2.38419e-07 1 0 0 0 0
0 60269555 1
1 4 0.503738 -1.53115 119.052 18.3855 1 2 0 0 0
2 4 -1.81914 1.60228 55.7254 12.0095 1 2 0 0 0
3 4 1.54987 -2.55721 62.7185 10.0201 1 0 0 0 0
4 4 0.582767 3.05667 22.848 6.10189 1 0 0 0 0
5 1 0.653762 -0.460171 96.4534 0.1057 -1 0 0 0 0
6 6 0 0.773696 25.0298 -2.38419e-07 1 0 0 0 0
0 60269556 1
1 4 0.503738 -1.53115 119.052 18.3855 1 2 0 0 0
2 4 -1.81914 1.60228 55.7254 12.0095 1 2 0 0 0
3 4 0.582767 3.05667 22.848 6.10189 1 0 0 0 0
4 4 0.530465 1.19973 21.2477 4.99 1 0 0 0 0
5 1 0.653762 -0.460171 96.4534 0.1057 -1 0 0 0 0
6 6 0 0.773696 25.0298 -2.38419e-07 1 0 0 0 0
0 60269557 1
1 4 0.503738 -1.53115 119.052 18.3855 1 2 0 0 0
2 4 -1.81914 1.60228 55.7254 12.0095 1 2 0 0 0
3 4 0.418274 -2.25932 61.1443 6.81922 1 0 0 0 0
4 4 -1.05239 1.68217 45.9505 11.7373 1 0 0 0 0
5 1 0.653762 -0.460171 96.4534 0.1057 -1 0 0 0 0
6 6 0 0.773696 25.0298 -2.38419e-07 1 0 0 0 0
0 60269558 1
1 4 0.503738 -1.53115 119.052 18.3855 1 2 0 0 0
2 4 -1.81914 1.60228 55.7254 12.0095 1 2 0 0 0
3 4 0.418274 -2.25932 61.1443 6.81922 1 0 0 0 0
4 4 0.582767 3.05667 22.848 6.10189 1 0 0 0 0
5 1 0.653762 -0.460171 96.4534 0.1057 -1 0 0 0 0
6 6 0 0.773696 25.0298 -2.38419e-07 1 0 0 0 0
0 60269559 1
1 4 0.503738 -1.53115 119.052 18.3855 1 2 0 0 0
2 4 1.67208 0.599855 80.3497 14.0322 1 2 0 0 0
3 4 1.54987 -2.55721 62.7185 10.0201 1 0 0 0 0
4 4 0.530465 1.19973 21.2477 4.99 1 0 0 0 0
5 1 0.653762 -0.460171 96.4534 0.1057 -1 0 0 0 0
6 6 0 0.773696 25.0298 -2.38419e-07 1 0 0 0 0
0 602695510 1
1 4 0.503738 -1.53115 119.052 18.3855 1 2 0 0 0
2 4 1.67208 0.599855 80.3497 14.0322 1 2 0 0 0
3 4 -1.05239 1.68217 45.9505 11.7373 1 0 0 0 0
4 4 0.582767 3.05667 22.848 6.10189 1 0 0 0 0
5 1 0.653762 -0.460171 96.4534 0.1057 -1 0 0 0 0
6 6 0 0.773696 25.0298 -2.38419e-07 1 0 0 0 0
0 602695511 1
1 4 0.503738 -1.53115 119.052 18.3855 1 2 0 0 0
2 4 1.67208 0.599855 80.3497 14.0322 1 2 0 0 0
3 4 -1.05239 1.68217 45.9505 11.7373 1 0 0 0 0
4 4 0.530465 1.19973 21.2477 4.99 1 0 0 0 0
5 1 0.653762 -0.460171 96.4534 0.1057 -1 0 0 0 0
6 6 0 0.773696 25.0298 -2.38419e-07 1 0 0 0 0
0 602695512 3
1 4 0.503738 -1.53115 119.052 18.3855 1 2 0 0 0
2 4 1.67208 0.599855 80.3497 14.0322 1 2 0 0 0
3 4 1.54987 -2.55721 62.7185 10.0201 1 0 0 0 0
4 4 0.418274 -2.25932 61.1443 6.81922 1 0 0 0 0
5 1 0.653762 -0.460171 96.4534 0.1057 -1 0 0 0 0
6 6 0 0.773696 25.0298 -2.38419e-07 1 0 0 0 0
0 602695513 3
1 4 0.503738 -1.53115 119.052 18.3855 1 2 0 0 0
2 4 -1.81914 1.60228 55.7254 12.0095 1 2 0 0 0
3 4 1.54987 -2.55721 62.7185 10.0201 1 0 0 0 0
4 4 -1.05239 1.68217 45.9505 11.7373 1 0 0 0 0
5 1 0.653762 -0.460171 96.4534 0.1057 -1 0 0 0 0
6 6 0 0.773696 25.0298 -2.38419e-07 1 0 0 0 0
0 602695514 3
1 4 0.503738 -1.53115 119.052 18.3855 1 2 0 0 0
2 4 1.67208 0.599855 80.3497 14.0322 1 2 0 0 0
3 4 0.418274 -2.25932 61.1443 6.81922 1 0 0 0 0
4 4 0.530465 1.19973 21.2477 4.99 1 0 0 0 0
5 1 0.653762 -0.460171 96.4534 0.1057 -1 0 0 0 0
6 6 0 0.773696 25.0298 -2.38419e-07 1 0 0 0 0
0 602695515 3
1 4 0.503738 -1.53115 119.052 18.3855 1 2 0 0 0
2 4 1.67208 0.599855 80.3497 14.0322 1 2 0 0 0
3 4 1.54987 -2.55721 62.7185 10.0201 1 0 0 0 0
4 4 0.582767 3.05667 22.848 6.10189 1 0 0 0 0
5 1 0.653762 -0.460171 96.4534 0.1057 -1 0 0 0 0
6 6 0 0.773696 25.0298 -2.38419e-07 1 0 0 0 0
0 602695516 3
1 4 -1.81914 1.60228 55.7254 12.0095 1 2 0 0 0
2 4 0.503738 -1.53115 119.052 18.3855 1 2 0 0 0
3 4 -1.05239 1.68217 45.9505 11.7373 1 0 0 0 0
4 4 0.582767 3.05667 22.848 6.10189 1 0 0 0 0
5 1 0.653762 -0.460171 96.4534 0.1057 -1 0 0 0 0
6 6 0 0.773696 25.0298 -2.38419e-07 1 0 0 0 0
0 602695517 3
1 4 0.503738 -1.53115 119.052 18.3855 1 2 0 0 0
2 4 1.67208 0.599855 80.3497 14.0322 1 2 0 0 0
3 4 -1.81914 1.60228 55.7254 12.0095 1 0 0 0 0
4 4 -1.05239 1.68217 45.9505 11.7373 1 0 0 0 0
5 1 0.653762 -0.460171 96.4534 0.1057 -1 0 0 0 0
6 6 0 0.773696 25.0298 -2.38419e-07 1 0 0 0 0
0 602695518 3
1 4 0.503738 -1.53115 119.052 18.3855 1 2 0 0 0
2 4 1.67208 0.599855 80.3497 14.0322 1 2 0 0 0
3 4 0.418274 -2.25932 61.1443 6.81922 1 0 0 0 0
4 4 -1.05239 1.68217 45.9505 11.7373 1 0 0 0 0
5 1 0.653762 -0.460171 96.4534 0.1057 -1 0 0 0 0
6 6 0 0.773696 25.0298 -2.38419e-07 1 0 0 0 0
0 602695519 3
1 4 -1.81914 1.60228 55.7254 12.0095 1 2 0 0 0
2 4 0.503738 -1.53115 119.052 18.3855 1 2 0 0 0
3 4 -1.05239 1.68217 45.9505 11.7373 1 0 0 0 0
4 4 0.530465 1.19973 21.2477 4.99 1 0 0 0 0
5 1 0.653762 -0.460171 96.4534 0.1057 -1 0 0 0 0
6 6 0 0.773696 25.0298 -2.38419e-07 1 0 0 0 0
0 602695520 3
1 4 0.503738 -1.53115 119.052 18.3855 1 2 0 0 0
2 4 1.67208 0.599855 80.3497 14.0322 1 2 0 0 0
3 4 0.582767 3.05667 22.848 6.10189 1 0 0 0 0
4 4 0.530465 1.19973 21.2477 4.99 1 0 0 0 0
5 1 0.653762 -0.460171 96.4534 0.1057 -1 0 0 0 0
6 6 0 0.773696 25.0298 -2.38419e-07 1 0 0 0 0
0 602695521 3
1 4 -1.81914 1.60228 55.7254 12.0095 1 2 0 0 0
2 4 0.503738 -1.53115 119.052 18.3855 1 2 0 0 0
3 4 0.418274 -2.25932 61.1443 6.81922 1 0 0 0 0
4 4 0.530465 1.19973 21.2477 4.99 1 0 0 0 0
5 1 0.653762 -0.460171 96.4534 0.1057 -1 0 0 0 0
6 6 0 0.773696 25.0298 -2.38419e-07 1 0 0 0 0
0 602695522 3
1 4 -1.81914 1.60228 55.7254 12.0095 1 2 0 0 0
2 4 0.503738 -1.53115 119.052 18.3855 1 2 0 0 0
3 4 1.54987 -2.55721 62.7185 10.0201 1 0 0 0 0
4 4 0.530465 1.19973 21.2477 4.99 1 0 0 0 0
5 1 0.653762 -0.460171 96.4534 0.1057 -1 0 0 0 0
6 6 0 0.773696 25.0298 -2.38419e-07 1 0 0 0 0
0 602695523 3
1 4 0.503738 -1.53115 119.052 18.3855 1 2 0 0 0
2 4 -1.81914 1.60228 55.7254 12.0095 1 2 0 0 0
3 4 1.67208 0.599855 80.3497 14.0322 1 0 0 0 0
4 4 1.54987 -2.55721 62.7185 10.0201 1 0 0 0 0
5 1 0.653762 -0.460171 96.4534 0.1057 -1 0 0 0 0
6 6 0 0.773696 25.0298 -2.38419e-07 1 0 0 0 0
0 602695524 3
1 4 0.503738 -1.53115 119.052 18.3855 1 2 0 0 0
2 4 1.67208 0.599855 80.3497 14.0322 1 2 0 0 0
3 4 -1.81914 1.60228 55.7254 12.0095 1 0 0 0 0
4 4 0.530465 1.19973 21.2477 4.99 1 0 0 0 0
5 1 0.653762 -0.460171 96.4534 0.1057 -1 0 0 0 0
6 6 0 0.773696 25.0298 -2.38419e-07 1 0 0 0 0
0 602695525 3
1 4 -1.81914 1.60228 55.7254 12.0095 1 2 0 0 0
2 4 0.503738 -1.53115 119.052 18.3855 1 2 0 0 0
3 4 1.54987 -2.55721 62.7185 10.0201 1 0 0 0 0
4 4 0.418274 -2.25932 61.1443 6.81922 1 0 0 0 0
5 1 0.653762 -0.460171 96.4534 0.1057 -1 0 0 0 0
6 6 0 0.773696 25.0298 -2.38419e-07 1 0 0 0 0
0 602695526 3
1 4 -1.81914 1.60228 55.7254 12.0095 1 2 0 0 0
2 4 0.503738 -1.53115 119.052 18.3855 1 2 0 0 0
3 4 1.54987 -2.55721 62.7185 10.0201 1 0 0 0 0
4 4 0.582767 3.05667 22.848 6.10189 1 0 0 0 0
5 1 0.653762 -0.460171 96.4534 0.1057 -1 0 0 0 0
6 6 0 0.773696 25.0298 -2.38419e-07 1 0 0 0 0
0 602695527 3
1 4 -1.81914 1.60228 55.7254 12.0095 1 2 0 0 0
2 4 0.503738 -1.53115 119.052 18.3855 1 2 0 0 0
3 4 0.582767 3.05667 22.848 6.10189 1 0 0 0 0
4 4 0.530465 1.19973 21.2477 4.99 1 0 0 0 0
5 1 0.653762 -0.460171 96.4534 0.1057 -1 0 0 0 0
6 6 0 0.773696 25.0298 -2.38419e-07 1 0 0 0 0
0 602695528 3
1 4 -1.81914 1.60228 55.7254 12.0095 1 2 0 0 0
2 4 0.503738 -1.53115 119.052 18.3855 1 2 0 0 0
3 4 0.418274 -2.25932 61.1443 6.81922 1 0 0 0 0
4 4 -1.05239 1.68217 45.9505 11.7373 1 0 0 0 0
5 1 0.653762 -0.460171 96.4534 0.1057 -1 0 0 0 0
6 6 0 0.773696 25.0298 -2.38419e-07 1 0 0 0 0
0 602695529 3
1 4 0.503738 -1.53115 119.052 18.3855 1 2 0 0 0
2 4 1.67208 0.599855 80.3497 14.0322 1 2 0 0 0
3 4 0.418274 -2.25932 61.1443 6.81922 1 0 0 0 0
4 4 0.582767 3.05667 22.848 6.10189 1 0 0 0 0
5 1 0.653762 -0.460171 96.4534 0.1057 -1 0 0 0 0
6 6 0 0.773696 25.0298 -2.38419e-07 1 0 0 0 0
0 602695530 3
1 4 1.67208 0.599855 80.3497 14.0322 1 2 0 0 0
2 4 0.503738 -1.53115 119.052 18.3855 1 2 0 0 0
3 4 1.54987 -2.55721 62.7185 10.0201 1 0 0 0 0
4 4 0.530465 1.19973 21.2477 4.99 1 0 0 0 0
5 1 0.653762 -0.460171 96.4534 0.1057 -1 0 0 0 0
6 6 0 0.773696 25.0298 -2.38419e-07 1 0 0 0 0
0 602695531 3
1 4 1.67208 0.599855 80.3497 14.0322 1 2 0 0 0
2 4 0.503738 -1.53115 119.052 18.3855 1 2 0 0 0
3 4 -1.05239 1.68217 45.9505 11.7373 1 0 0 0 0
4 4 0.582767 3.05667 22.848 6.10189 1 0 0 0 0
5 1 0.653762 -0.460171 96.4534 0.1057 -1 0 0 0 0
6 6 0 0.773696 25.0298 -2.38419e-07 1 0 0 0 0
0 602695532 3
1 4 1.67208 0.599855 80.3497 14.0322 1 2 0 0 0
2 4 0.503738 -1.53115 119.052 18.3855 1 2 0 0 0
3 4 -1.05239 1.68217 45.9505 11.7373 1 0 0 0 0
4 4 0.530465 1.19973 21.2477 4.99 1 0 0 0 0
5 1 0.653762 -0.460171 96.4534 0.1057 -1 0 0 0 0
6 6 0 0.773696 25.0298 -2.38419e-07 1 0 0 0 0
0 602695533 2
1 4 1.67208 0.599855 80.3497 14.0322 1 2 0 0 0
2 4 0.503738 -1.53115 119.052 18.3855 1 2 0 0 0
3 4 1.54987 -2.55721 62.7185 10.0201 1 0 0 0 0
4 4 0.418274 -2.25932 61.1443 6.81922 1 0 0 0 0
5 1 0.653762 -0.460171 96.4534 0.1057 -1 0 0 0 0
6 6 0 0.773696 25.0298 -2.38419e-07 1 0 0 0 0
0 602695534 2
1 4 -1.81914 1.60228 55.7254 12.0095 1 2 0 0 0
2 4 0.503738 -1.53115 119.052 18.3855 1 2 0 0 0
3 4 0.418274 -2.25932 61.1443 6.81922 1 0 0 0 0
4 4 0.582767 3.05667 22.848 6.10189 1 0 0 0 0
5 1 0.653762 -0.460171 96.4534 0.1057 -1 0 0 0 0
6 6 0 0.773696 25.0298 -2.38419e-07 1 0 0 0 0
0 602695535 2
1 4 1.67208 0.599855 80.3497 14.0322 1 2 0 0 0
2 4 0.503738 -1.53115 119.052 18.3855 1 2 0 0 0
3 4 0.418274 -2.25932 61.1443 6.81922 1 0 0 0 0
4 4 0.530465 1.19973 21.2477 4.99 1 0 0 0 0
5 1 0.653762 -0.460171 96.4534 0.1057 -1 0 0 0 0
6 6 0 0.773696 25.0298 -2.38419e-07 1 0 0 0 0
0 602695536 2
1 4 1.67208 0.599855 80.3497 14.0322 1 2 0 0 0
2 4 0.503738 -1.53115 119.052 18.3855 1 2 0 0 0
3 4 1.54987 -2.55721 62.7185 10.0201 1 0 0 0 0
4 4 0.582767 3.05667 22.848 6.10189 1 0 0 0 0
5 1 0.653762 -0.460171 96.4534 0.1057 -1 0 0 0 0
6 6 0 0.773696 25.0298 -2.38419e-07 1 0 0 0 0
0 602695537 2
1 4 0.503738 -1.53115 119.052 18.3855 1 2 0 0 0
2 4 -1.81914 1.60228 55.7254 12.0095 1 2 0 0 0
3 4 1.67208 0.599855 80.3497 14.0322 1 0 0 0 0
4 4 0.530465 1.19973 21.2477 4.99 1 0 0 0 0
5 1 0.653762 -0.460171 96.4534 0.1057 -1 0 0 0 0
6 6 0 0.773696 25.0298 -2.38419e-07 1 0 0 0 0
0 602695538 2
1 4 0.503738 -1.53115 119.052 18.3855 1 2 0 0 0
2 4 1.67208 0.599855 80.3497 14.0322 1 2 0 0 0
3 4 -1.81914 1.60228 55.7254 12.0095 1 0 0 0 0
4 4 0.582767 3.05667 22.848 6.10189 1 0 0 0 0
5 1 0.653762 -0.460171 96.4534 0.1057 -1 0 0 0 0
6 6 0 0.773696 25.0298 -2.38419e-07 1 0 0 0 0
0 602695539 2
1 4 1.67208 0.599855 80.3497 14.0322 1 2 0 0 0
2 4 0.503738 -1.53115 119.052 18.3855 1 2 0 0 0
3 4 0.582767 3.05667 22.848 6.10189 1 0 0 0 0
4 4 0.530465 1.19973 21.2477 4.99 1 0 0 0 0
5 1 0.653762 -0.460171 96.4534 0.1057 -1 0 0 0 0
6 6 0 0.773696 25.0298 -2.38419e-07 1 0 0 0 0
0 602695540 2
1 4 1.67208 0.599855 80.3497 14.0322 1 2 0 0 0
2 4 0.503738 -1.53115 119.052 18.3855 1 2 0 0 0
3 4 0.418274 -2.25932 61.1443 6.81922 1 0 0 0 0
4 4 -1.05239 1.68217 45.9505 11.7373 1 0 0 0 0
5 1 0.653762 -0.460171 96.4534 0.1057 -1 0 0 0 0
6 6 0 0.773696 25.0298 -2.38419e-07 1 0 0 0 0
0 602695541 2
1 4 1.67208 0.599855 80.3497 14.0322 1 2 0 0 0
2 4 0.503738 -1.53115 119.052 18.3855 1 2 0 0 0
3 4 -1.81914 1.60228 55.7254 12.0095 1 0 0 0 0
4 4 -1.05239 1.68217 45.9505 11.7373 1 0 0 0 0
5 1 0.653762 -0.460171 96.4534 0.1057 -1 0 0 0 0
6 6 0 0.773696 25.0298 -2.38419e-07 1 0 0 0 0
0 602695542 2
1 4 1.67208 0.599855 80.3497 14.0322 1 2 0 0 0
2 4 0.503738 -1.53115 119.052 18.3855 1 2 0 0 0
3 4 0.418274 -2.25932 61.1443 6.81922 1 0 0 0 0
4 4 0.582767 3.05667 22.848 6.10189 1 0 0 0 0
5 1 0.653762 -0.460171 96.4534 0.1057 -1 0 0 0 0
6 6 0 0.773696 25.0298 -2.38419e-07 1 0 0 0 0
0 602695543 2
1 4 1.67208 0.599855 80.3497 14.0322 1 2 0 0 0
2 4 0.503738 -1.53115 119.052 18.3855 1 2 0 0 0
3 4 -1.81914 1.60228 55.7254 12.0095 1 0 0 0 0
4 4 0.530465 1.19973 21.2477 4.99 1 0 0 0 0
5 1 0.653762 -0.460171 96.4534 0.1057 -1 0 0 0 0
6 6 0 0.773696 25.0298 -2.38419e-07 1 0 0 0 0
0 602695544 2
1 4 1.67208 0.599855 80.3497 14.0322 1 2 0 0 0
2 4 0.503738 -1.53115 119.052 18.3855 1 2 0 0 0
3 4 -1.81914 1.60228 55.7254 12.0095 1 0 0 0 0
4 4 0.582767 3.05667 22.848 6.10189 1 0 0 0 0
5 1 0.653762 -0.460171 96.4534 0.1057 -1 0 0 0 0
6 6 0 0.773696 25.0298 -2.38419e-07 1 0 0 0 0
0 602695545 2
1 4 0.503738 -1.53115 119.052 18.3855 1 2 0 0 0
2 4 1.67208 0.599855 80.3497 14.0322 1 2 0 0 0
3 4 1.54987 -2.55721 62.7185 10.0201 1 0 0 0 0
4 4 -1.05239 1.68217 45.9505 11.7373 1 0 0 0 0
5 1 0.653762 -0.460171 96.4534 0.1057 -1 0 0 0 0
6 6 0 0.773696 25.0298 -2.38419e-07 1 0 0 0 0
0 602695546 2
1 4 0.503738 -1.53115 119.052 18.3855 1 2 0 0 0
2 4 -1.81914 1.60228 55.7254 12.0095 1 2 0 0 0
3 4 1.67208 0.599855 80.3497 14.0322 1 0 0 0 0
4 4 -1.05239 1.68217 45.9505 11.7373 1 0 0 0 0
5 1 0.653762 -0.460171 96.4534 0.1057 -1 0 0 0 0
6 6 0 0.773696 25.0298 -2.38419e-07 1 0 0 0 0
0 602695547 2
1 4 0.503738 -1.53115 119.052 18.3855 1 2 0 0 0
2 4 -1.05239 1.68217 45.9505 11.7373 1 2 0 0 0
3 4 1.54987 -2.55721 62.7185 10.0201 1 0 0 0 0
4 4 0.530465 1.19973 21.2477 4.99 1 0 0 0 0
5 1 0.653762 -0.460171 96.4534 0.1057 -1 0 0 0 0
6 6 0 0.773696 25.0298 -2.38419e-07 1 0 0 0 0
0 602695548 2
1 4 -1.81914 1.60228 55.7254 12.0095 1 2 0 0 0
2 4 0.503738 -1.53115 119.052 18.3855 1 2 0 0 0
3 4 1.54987 -2.55721 62.7185 10.0201 1 0 0 0 0
4 4 -1.05239 1.68217 45.9505 11.7373 1 0 0 0 0
5 1 0.653762 -0.460171 96.4534 0.1057 -1 0 0 0 0
6 6 0 0.773696 25.0298 -2.38419e-07 1 0 0 0 0
0 602695549 2
1 4 0.503738 -1.53115 119.052 18.3855 1 2 0 0 0
2 4 1.67208 0.599855 80.3497 14.0322 1 2 0 0 0
3 4 0.418274 -2.25932 61.1443 6.81922 1 0 0 0 0
4 4 -1.81914 1.60228 55.7254 12.0095 1 0 0 0 0
5 1 0.653762 -0.460171 96.4534 0.1057 -1 0 0 0 0
6 6 0 0.773696 25.0298 -2.38419e-07 1 0 0 0 0
0 602695550 2
1 4 1.67208 0.599855 80.3497 14.0322 1 2 0 0 0
2 4 0.503738 -1.53115 119.052 18.3855 1 2 0 0 0
3 4 1.54987 -2.55721 62.7185 10.0201 1 0 0 0 0
4 4 -1.05239 1.68217 45.9505 11.7373 1 0 0 0 0
5 1 0.653762 -0.460171 96.4534 0.1057 -1 0 0 0 0
6 6 0 0.773696 25.0298 -2.38419e-07 1 0 0 0 0
0 602695551 2
1 4 -1.81914 1.60228 55.7254 12.0095 1 2 0 0 0
2 4 0.503738 -1.53115 119.052 18.3855 1 2 0 0 0
3 4 1.67208 0.599855 80.3497 14.0322 1 0 0 0 0
4 4 1.54987 -2.55721 62.7185 10.0201 1 0 0 0 0
5 1 0.653762 -0.460171 96.4534 0.1057 -1 0 0 0 0
6 6 0 0.773696 25.0298 -2.38419e-07 1 0 0 0 0
0 602695552 2
1 4 -1.81914 1.60228 55.7254 12.0095 1 2 0 0 0
2 4 0.503738 -1.53115 119.052 18.3855 1 2 0 0 0
3 4 1.67208 0.599855 80.3497 14.0322 1 0 0 0 0
4 4 0.530465 1.19973 21.2477 4.99 1 0 0 0 0
5 1 0.653762 -0.460171 96.4534 0.1057 -1 0 0 0 0
6 6 0 0.773696 25.0298 -2.38419e-07 1 0 0 0 0
0 602695553 2
1 4 1.67208 0.599855 80.3497 14.0322 1 2 0 0 0
2 4 0.503738 -1.53115 119.052 18.3855 1 2 0 0 0
3 4 0.418274 -2.25932 61.1443 6.81922 1 0 0 0 0
4 4 -1.81914 1.60228 55.7254 12.0095 1 0 0 0 0
5 1 0.653762 -0.460171 96.4534 0.1057 -1 0 0 0 0
6 6 0 0.773696 25.0298 -2.38419e-07 1 0 0 0 0
0 602695554 2
1 4 0.503738 -1.53115 119.052 18.3855 1 2 0 0 0
2 4 -1.81914 1.60228 55.7254 12.0095 1 2 0 0 0
3 4 1.67208 0.599855 80.3497 14.0322 1 0 0 0 0
4 4 0.582767 3.05667 22.848 6.10189 1 0 0 0 0
5 1 0.653762 -0.460171 96.4534 0.1057 -1 0 0 0 0
6 6 0 0.773696 25.0298 -2.38419e-07 1 0 0 0 0
0 602695555 2
1 4 -1.05239 1.68217 45.9505 11.7373 1 2 0 0 0
2 4 0.503738 -1.53115 119.052 18.3855 1 2 0 0 0
3 4 1.54987 -2.55721 62.7185 10.0201 1 0 0 0 0
4 4 0.530465 1.19973 21.2477 4.99 1 0 0 0 0
5 1 0.653762 -0.460171 96.4534 0.1057 -1 0 0 0 0
6 6 0 0.773696 25.0298 -2.38419e-07 1 0 0 0 0
0 602695556 2
1 4 -1.81914 1.60228 55.7254 12.0095 1 2 0 0 0
2 4 0.503738 -1.53115 119.052 18.3855 1 2 0 0 0
3 4 1.67208 0.599855 80.3497 14.0322 1 0 0 0 0
4 4 -1.05239 1.68217 45.9505 11.7373 1 0 0 0 0
5 1 0.653762 -0.460171 96.4534 0.1057 -1 0 0 0 0
6 6 0 0.773696 25.0298 -2.38419e-07 1 0 0 0 0
0 602695557 2
1 4 0.503738 -1.53115 119.052 18.3855 1 2 0 0 0
2 4 -1.81914 1.60228 55.7254 12.0095 1 2 0 0 0
3 4 1.67208 0.599855 80.3497 14.0322 1 0 0 0 0
4 4 0.418274 -2.25932 61.1443 6.81922 1 0 0 0 0
5 1 0.653762 -0.460171 96.4534 0.1057 -1 0 0 0 0
6 6 0 0.773696 25.0298 -2.38419e-07 1 0 0 0 0
0 602695558 2
1 4 0.503738 -1.53115 119.052 18.3855 1 2 0 0 0
2 4 -1.05239 1.68217 45.9505 11.7373 1 2 0 0 0
3 4 1.54987 -2.55721 62.7185 10.0201 1 0 0 0 0
4 4 0.582767 3.05667 22.848 6.10189 1 0 0 0 0
5 1 0.653762 -0.460171 96.4534 0.1057 -1 0 0 0 0
6 6 0 0.773696 25.0298 -2.38419e-07 1 0 0 0 0
0 602695559 2
1 4 -1.81914 1.60228 55.7254 12.0095 1 2 0 0 0
2 4 0.503738 -1.53115 119.052 18.3855 1 2 0 0 0
3 4 1.67208 0.599855 80.3497 14.0322 1 0 0 0 0
4 4 0.582767 3.05667 22.848 6.10189 1 0 0 0 0
5 1 0.653762 -0.460171 96.4534 0.1057 -1 0 0 0 0
6 6 0 0.773696 25.0298 -2.38419e-07 1 0 0 0 0
0 602695560 2
1 4 0.503738 -1.53115 119.052 18.3855 1 2 0 0 0
2 4 -1.05239 1.68217 45.9505 11.7373 1 2 0 0 0
3 4 1.54987 -2.55721 62.7185 10.0201 1 0 0 0 0
4 4 0.418274 -2.25932 61.1443 6.81922 1 0 0 0 0
5 1 0.653762 -0.460171 96.4534 0.1057 -1 0 0 0 0
6 6 0 0.773696 25.0298 -2.38419e-07 1 0 0 0 0
0 602695561 2
1 4 -1.81914 1.60228 55.7254 12.0095 1 2 0 0 0
2 4 0.503738 -1.53115 119.052 18.3855 1 2 0 0 0
3 4 1.67208 0.599855 80.3497 14.0322 1 0 0 0 0
4 4 0.418274 -2.25932 61.1443 6.81922 1 0 0 0 0
5 1 0.653762 -0.460171 96.4534 0.1057 -1 0 0 0 0
6 6 0 0.773696 25.0298 -2.38419e-07 1 0 0 0 0
0 602695562 2
1 4 -1.05239 1.68217 45.9505 11.7373 1 2 0 0 0
2 4 0.503738 -1.53115 119.052 18.3855 1 2 0 0 0
3 4 1.54987 -2.55721 62.7185 10.0201 1 0 0 0 0
4 4 0.582767 3.05667 22.848 6.10189 1 0 0 0 0
5 1 0.653762 -0.460171 96.4534 0.1057 -1 0 0 0 0
6 6 0 0.773696 25.0298 -2.38419e-07 1 0 0 0 0
0 602695563 2
1 4 0.503738 -1.53115 119.052 18.3855 1 2 0 0 0
2 4 1.67208 0.599855 80.3497 14.0322 1 2 0 0 0
3 4 1.54987 -2.55721 62.7185 10.0201 1 0 0 0 0
4 4 -1.81914 1.60228 55.7254 12.0095 1 0 0 0 0
5 1 0.653762 -0.460171 96.4534 0.1057 -1 0 0 0 0
6 6 0 0.773696 25.0298 -2.38419e-07 1 0 0 0 0
0 602695564 2
1 4 -1.05239 1.68217 45.9505 11.7373 1 2 0 0 0
2 4 0.503738 -1.53115 119.052 18.3855 1 2 0 0 0
3 4 1.54987 -2.55721 62.7185 10.0201 1 0 0 0 0
4 4 0.418274 -2.25932 61.1443 6.81922 1 0 0 0 0
5 1 0.653762 -0.460171 96.4534 0.1057 -1 0 0 0 0
6 6 0 0.773696 25.0298 -2.38419e-07 1 0 0 0 0
0 602695565 2
1 4 1.67208 0.599855 80.3497 14.0322 1 2 0 0 0
2 4 0.503738 -1.53115 119.052 18.3855 1 2 0 0 0
3 4 1.54987 -2.55721 62.7185 10.0201 1 0 0 0 0
4 4 -1.81914 1.60228 55.7254 12.0095 1 0 0 0 0
5 1 0.653762 -0.460171 96.4534 0.1057 -1 0 0 0 0
6 6 0 0.773696 25.0298 -2.38419e-07 1 0 0 0 0
0 602695566 2
1 4 0.503738 -1.53115 119.052 18.3855 1 2 0 0 0
2 4 -1.05239 1.68217 45.9505 11.7373 1 2 0 0 0
3 4 0.582767 3.05667 22.848 6.10189 1 0 0 0 0
4 4 0.530465 1.19973 21.2477 4.99 1 0 0 0 0
5 1 0.653762 -0.460171 96.4534 0.1057 -1 0 0 0 0
6 6 0 0.773696 25.0298 -2.38419e-07 1 0 0 0 0
0 602695567 2
1 4 0.503738 -1.53115 119.052 18.3855 1 2 0 0 0
2 4 -1.05239 1.68217 45.9505 11.7373 1 2 0 0 0
3 4 0.418274 -2.25932 61.1443 6.81922 1 0 0 0 0
4 4 0.530465 1.19973 21.2477 4.99 1 0 0 0 0
5 1 0.653762 -0.460171 96.4534 0.1057 -1 0 0 0 0
6 6 0 0.773696 25.0298 -2.38419e-07 1 0 0 0 0
0 602695568 2
1 4 -1.05239 1.68217 45.9505 11.7373 1 2 0 0 0
2 4 0.503738 -1.53115 119.052 18.3855 1 2 0 0 0
3 4 0.582767 3.05667 22.848 6.10189 1 0 0 0 0
4 4 0.530465 1.19973 21.2477 4.99 1 0 0 0 0
5 1 0.653762 -0.460171 96.4534 0.1057 -1 0 0 0 0
6 6 0 0.773696 25.0298 -2.38419e-07 1 0 0 0 0
0 602695569 2
1 4 -1.05239 1.68217 45.9505 11.7373 1 2 0 0 0
2 4 0.503738 -1.53115 119.052 18.3855 1 2 0 0 0
3 4 0.418274 -2.25932 61.1443 6.81922 1 0 0 0 0
4 4 0.530465 1.19973 21.2477 4.99 1 0 0 0 0
5 1 0.653762 -0.460171 96.4534 0.1057 -1 0 0 0 0
6 6 0 0.773696 25.0298 -2.38419e-07 1 0 0 0 0
0 602695570 2
1 4 0.503738 -1.53115 119.052 18.3855 1 2 0 0 0
2 4 -1.05239 1.68217 45.9505 11.7373 1 2 0 0 0
3 4 -1.81914 1.60228 55.7254 12.0095 1 0 0 0 0
4 4 0.530465 1.19973 21.2477 4.99 1 0 0 0 0
5 1 0.653762 -0.460171 96.4534 0.1057 -1 0 0 0 0
6 6 0 0.773696 25.0298 -2.38419e-07 1 0 0 0 0
0 602695571 2
1 4 0.503738 -1.53115 119.052 18.3855 1 2 0 0 0
2 4 -1.05239 1.68217 45.9505 11.7373 1 2 0 0 0
3 4 1.54987 -2.55721 62.7185 10.0201 1 0 0 0 0
4 4 -1.81914 1.60228 55.7254 12.0095 1 0 0 0 0
5 1 0.653762 -0.460171 96.4534 0.1057 -1 0 0 0 0
6 6 0 0.773696 25.0298 -2.38419e-07 1 0 0 0 0
0 602695572 2
1 4 -1.05239 1.68217 45.9505 11.7373 1 2 0 0 0
2 4 0.503738 -1.53115 119.052 18.3855 1 2 0 0 0
3 4 -1.81914 1.60228 55.7254 12.0095 1 0 0 0 0
4 4 0.530465 1.19973 21.2477 4.99 1 0 0 0 0
5 1 0.653762 -0.460171 96.4534 0.1057 -1 0 0 0 0
6 6 0 0.773696 25.0298 -2.38419e-07 1 0 0 0 0
0 896786270 2
1 4 -0.73657 -0.858226 46.7965 6.10976 1 2 0 0 0
2 4 0.740016 1.57081 91.5713 14.7921 1 2 0 0 0
3 4 0.150905 1.15288 54.9629 12.8646 1 0 0 0 0
4 4 -0.129428 -0.231421 50.5007 10.1022 1 0 0 0 0
5 1 -0.922486 -1.93 81.0881 0.1057 -1 0 0 0 0
6 6 0 -2.80857 84.4934 -1.01152e-06 1 0 0 0 0
0 896786271 2
1 4 -0.73657 -0.858226 46.7965 6.10976 1 2 0 0 0
2 4 0.740016 1.57081 91.5713 14.7921 1 2 0 0 0
3 4 -0.129428 -0.231421 50.5007 10.1022 1 0 0 0 0
4 4 -1.8015 2.69916 29.5523 6.80548 1 0 0 0 0
5 1 -0.922486 -1.93 81.0881 0.1057 -1 0 0 0 0
6 6 0 -2.80857 84.4934 -1.01152e-06 1 0 0 0 0
0 896786272 2
1 4 -0.73657 -0.858226 46.7965 6.10976 1 2 0 0 0
2 4 0.740016 1.57081 91.5713 14.7921 1 2 0 0 0
3 4 0.150905 1.15288 54.9629 12.8646 1 0 0 0 0
4 4 -1.8015 2.69916 29.5523 6.80548 1 0 0 0 0
5 1 -0.922486 -1.93 81.0881 0.1057 -1 0 0 0 0
6 6 0 -2.80857 84.4934 -1.01152e-06 1 0 0 0 0
0 896786273 3
1 4 0.740016 1.57081 91.5713 14.7921 1 2 0 0 0
2 4 -0.73657 -0.858226 46.7965 6.10976 1 2 0 0 0
3 4 0.150905 1.15288 54.9629 12.8646 1 0 0 0 0
4 4 -0.129428 -0.231421 50.5007 10.1022 1 0 0 0 0
5 1 -0.922486 -1.93 81.0881 0.1057 -1 0 0 0 0
6 6 0 -2.80857 84.4934 -1.01152e-06 1 0 0 0 0
0 896786274 3
1 4 0.740016 1.57081 91.5713 14.7921 1 2 0 0 0
2 4 -0.73657 -0.858226 46.7965 6.10976 1 2 0 0 0
3 4 -0.129428 -0.231421 50.5007 10.1022 1 0 0 0 0
4 4 -1.8015 2.69916 29.5523 6.80548 1 0 0 0 0
5 1 -0.922486 -1.93 81.0881 0.1057 -1 0 0 0 0
6 6 0 -2.80857 84.4934 -1.01152e-06 1 0 0 0 0
0 896786275 3
1 4 0.740016 1.57081 91.5713 14.7921 1 2 0 0 0
2 4 -0.73657 -0.858226 46.7965 6.10976 1 2 0 0 0
3 4 0.150905 1.15288 54.9629 12.8646 1 0 0 0 0
4 4 -1.8015 2.69916 29.5523 6.80548 1 0 0 0 0
5 1 -0.922486 -1.93 81.0881 0.1057 -1 0 0 0 0
6 6 0 -2.80857 84.4934 -1.01152e-06 1 0 0 0 0
0 896786276 3
1 4 -0.73657 -0.858226 46.7965 6.10976 1 2 0 0 0
2 4 -1.8015 2.69916 29.5523 6.80548 1 2 0 0 0
3 4 0.150905 1.15288 54.9629 12.8646 1 0 0 0 0
4 4 -0.129428 -0.231421 50.5007 10.1022 1 0 0 0 0
5 1 -0.922486 -1.93 81.0881 0.1057 -1 0 0 0 0
6 6 0 -2.80857 84.4934 -1.01152e-06 1 0 0 0 0
0 896786277 3
1 4 -1.8015 2.69916 29.5523 6.80548 1 2 0 0 0
2 4 -0.73657 -0.858226 46.7965 6.10976 1 2 0 0 0
3 4 0.150905 1.15288 54.9629 12.8646 1 0 0 0 0
4 4 -0.129428 -0.231421 50.5007 10.1022 1 0 0 0 0
5 1 -0.922486 -1.93 81.0881 0.1057 -1 0 0 0 0
6 6 0 -2.80857 84.4934 -1.01152e-06 1 0 0 0 0
0 896803920 1
1 4 -0.300486 -1.27557 95.0826 18.4265 1 2 0 0 0
2 4 1.43884 0.945002 42.8783 9.71567 1 2 0 0 0
3 4 1.19868 1.62403 47.2139 8.76223 1 0 0 0 0
4 4 0.423243 2.7289 35.7159 5.65125 1 0 0 0 0
5 1 0.456376 2.29376 56.8502 0.1057 1 0 0 0 0
6 6 0 -1.03687 13.058 0 1 0 0 0 0
0 896803921 1
1 4 1.43884 0.945002 42.8783 9.71567 1 2 0 0 0
2 4 -0.300486 -1.27557 95.0826 18.4265 1 2 0 0 0
3 4 1.19868 1.62403 47.2139 8.76223 1 0 0 0 0
4 4 0.423243 2.7289 35.7159 5.65125 1 0 0 0 0
5 1 0.456376 2.29376 56.8502 0.1057 1 0 0 0 0
6 6 0 -1.03687 13.058 0 1 0 0 0 0
0 909165660 1
1 4 1.39561 1.7095 108.767 18.8384 1 2 0 0 0
2 4 1.5666 -2.80558 79.0585 9.06748 1 2 0 0 0
3 4 0.0809646 0.632776 79.022 17.2623 1 0 0 0 0
4 4 1.76138 0.562438 46.8045 7.42354 1 0 0 0 0
5 1 1.60423 -0.745178 40.9699 0.1057 1 0 0 0 0
6 6 0 -2.27291 123.208 0 1 0 0 0 0
0 909165661 1
1 4 1.5666 -2.80558 79.0585 9.06748 1 2 0 0 0
2 4 1.39561 1.7095 108.767 18.8384 1 2 0 0 0
3 4 0.0809646 0.632776 79.022 17.2623 1 0 0 0 0
4 4 1.76138 0.562438 46.8045 7.42354 1 0 0 0 0
5 1 1.60423 -0.745178 40.9699 0.1057 1 0 0 0 0
6 6 0 -2.27291 123.208 0 1 0 0 0 0
0 586336910 1
1 4 0.744947 2.85111 99.8186 11.473 1 2 0 0 0
2 4 0.984376 -0.800311 76.053 10.0429 1 2 0 0 0
3 4 1.98624 -0.418308 29.8251 5.81211 1 0 0 0 0
4 4 0.747152 0.752949 20.0553 2.88394 1 0 0 0 0
5 1 -0.225177 2.66053 34.1987 0.1057 1 0 0 0 0
6 6 0 1.48725 86.7671 9.53674e-07 1 0 0 0 0
0 586336911 3
1 4 0.744947 2.85111 99.8186 11.473 1 2 0 0 0
2 4 0.984376 -0.800311 76.053 10.0429 1 2 0 0 0
3 4 -0.359692 -0.832518 76.1431 19.3463 1 0 0 0 0
4 4 0.747152 0.752949 20.0553 2.88394 1 0 0 0 0
5 1 -0.225177 2.66053 34.1987 0.1057 1 0 0 0 0
6 6 0 1.48725 86.7671 9.53674e-07 1 0 0 0 0
0 586336912 2
1 4 0.984376 -0.800311 76.053 10.0429 1 2 0 0 0
2 4 0.744947 2.85111 99.8186 11.473 1 2 0 0 0
3 4 -0.359692 -0.832518 76.1431 19.3463 1 0 0 0 0
4 4 0.747152 0.752949 20.0553 2.88394 1 0 0 0 0
5 1 -0.225177 2.66053 34.1987 0.1057 1 0 0 0 0
6 6 0 1.48725 86.7671 9.53674e-07 1 0 0 0 0
0 586336913 2
1 4 0.984376 -0.800311 76.053 10.0429 1 2 0 0 0
2 4 0.744947 2.85111 99.8186 11.473 1 2 0 0 0
3 4 1.98624 -0.418308 29.8251 5.81211 1 0 0 0 0
4 4 0.747152 0.752949 20.0553 2.88394 1 0 0 0 0
5 1 -0.225177 2.66053 34.1987 0.1057 1 0 0 0 0
6 6 0 1.48725 86.7671 9.53674e-07 1 0 0 0 0
0 586336914 2
1 4 0.984376 -0.800311 76.053 10.0429 1 2 0 0 0
2 4 0.744947 2.85111 99.8186 11.473 1 2 0 0 0
3 4 -0.359692 -0.832518 76.1431 19.3463 1 0 0 0 0
4 4 1.98624 -0.418308 29.8251 5.81211 1 0 0 0 0
5 1 -0.225177 2.66053 34.1987 0.1057 1 0 0 0 0
6 6 0 1.48725 86.7671 9.53674e-07 1 0 0 0 0
0 586336915 2
1 4 0.744947 2.85111 99.8186 11.473 1 2 0 0 0
2 4 0.984376 -0.800311 76.053 10.0429 1 2 0 0 0
3 4 -0.359692 -0.832518 76.1431 19.3463 1 0 0 0 0
4 4 1.98624 -0.418308 29.8251 5.81211 1 0 0 0 0
5 1 -0.225177 2.66053 34.1987 0.1057 1 0 0 0 0
6 6 0 1.48725 86.7671 9.53674e-07 1 0 0 0 0
0 802877260 1
1 4 0.626998 2.79765 148.529 18.6739 1 2 0 0 0
2 4 -0.628809 -0.521944 103.068 14.8346 1 2 0 0 0
3 4 -2.10849 -1.47532 34.619 4.81388 1 0 0 0 0
4 4 -0.232069 -1.92626 28.0404 5.3748 1 0 0 0 0
5 1 1.17883 2.78308 123.384 0.1057 1 0 0 0 0
6 6 0 0.0762779 51.3966 4.74971e-07 1 0 0 0 0
0 802877261 1
1 4 -0.628809 -0.521944 103.068 14.8346 1 2 0 0 0
2 4 0.626998 2.79765 148.529 18.6739 1 2 0 0 0
3 4 -2.10849 -1.47532 34.619 4.81388 1 0 0 0 0
4 4 -0.232069 -1.92626 28.0404 5.3748 1 0 0 0 0
5 1 1.17883 2.78308 123.384 0.1057 1 0 0 0 0
6 6 0 0.0762779 51.3966 4.74971e-07 1 0 0 0 0
0 9067880 3
1 4 0.340455 -1.00331 87.8889 21.2364 1 2 0 0 0
2 4 0.372155 0.773535 157.955 13.0496 1 2 0 0 0
3 4 -0.0159223 -2.25751 109.001 14.3085 1 0 0 0 0
4 4 0.605006 -2.76856 38.3912 6.53152 1 0 0 0 0
5 1 0.337383 1.479 85.1099 0.1057 -1 0 0 0 0
6 6 0 3.13191 46.4668 -4.24127e-07 1 0 0 0 0
0 9067881 2
1 4 0.372155 0.773535 157.955 13.0496 1 2 0 0 0
2 4 0.340455 -1.00331 87.8889 21.2364 1 2 0 0 0
3 4 -0.0159223 -2.25751 109.001 14.3085 1 0 0 0 0
4 4 0.605006 -2.76856 38.3912 6.53152 1 0 0 0 0
5 1 0.337383 1.479 85.1099 0.1057 -1 0 0 0 0
6 6 0 3.13191 46.4668 -4.24127e-07 1 0 0 0 0
0 267177530 3
1 4 -0.739341 -2.1446 59.7 10.0562 1 2 0 0 0
2 4 0.77985 0.705278 125.379 17.4782 1 2 0 0 0
3 4 0.550758 -2.42263 119.606 14.4222 1 0 0 0 0
4 4 0.545695 2.9994 70.2807 11.5873 1 0 0 0 0
5 1 1.31848 0.210232 59.9033 0.1057 -1 0 0 0 0
6 6 0 1.09097 32.0982 -3.37175e-07 1 0 0 0 0
0 267177531 2
1 4 0.77985 0.705278 125.379 17.4782 1 2 0 0 0
2 4 -0.739341 -2.1446 59.7 10.0562 1 2 0 0 0
3 4 0.550758 -2.42263 119.606 14.4222 1 0 0 0 0
4 4 0.545695 2.9994 70.2807 11.5873 1 0 0 0 0
5 1 1.31848 0.210232 59.9033 0.1057 -1 0 0 0 0
6 6 0 1.09097 32.0982 -3.37175e-07 1 0 0 0 0
0 286632540 1
1 4 0.289188 -0.609832 77.2427 13.5965 1 2 0 0 0
2 4 0.294605 1.02924 80.8713 10.4439 1 2 0 0 0
3 4 0.928244 1.21057 151.487 22.8318 1 0 0 0 0
4 4 1.21633 -2.28698 31.6297 9.93876 1 0 0 0 0
5 1 1.13199 -0.459213 37.9048 0.1057 -1 0 0 0 0
6 6 0 -1.46398 34.6156 4.76837e-07 1 0 0 0 0
0 286632541 1
1 4 0.289188 -0.609832 77.2427 13.5965 1 2 0 0 0
2 4 0.294605 1.02924 80.8713 10.4439 1 2 0 0 0
3 4 0.928244 1.21057 151.487 22.8318 1 0 0 0 0
4 4 1.72848 0.390016 34.6578 9.92374 1 0 0 0 0
5 1 1.13199 -0.459213 37.9048 0.1057 -1 0 0 0 0
6 6 0 -1.46398 34.6156 4.76837e-07 1 0 0 0 0
0 286632542 1
1 4 0.294605 1.02924 80.8713 10.4439 1 2 0 0 0
2 4 0.289188 -0.609832 77.2427 13.5965 1 2 0 0 0
3 4 0.928244 1.21057 151.487 22.8318 1 0 0 0 0
4 4 1.21633 -2.28698 31.6297 9.93876 1 0 0 0 0
5 1 1.13199 -0.459213 37.9048 0.1057 -1 0 0 0 0
6 6 0 -1.46398 34.6156 4.76837e-07 1 0 0 0 0
0 286632543 1
1 4 0.289188 -0.609832 77.2427 13.5965 1 2 0 0 0
2 4 0.294605 1.02924 80.8713 10.4439 1 2 0 0 0
3 4 0.928244 1.21057 151.487 22.8318 1 0 0 0 0
4 4 1.04182 2.86392 56.3534 12.4231 1 0 0 0 0
5 1 1.13199 -0.459213 37.9048 0.1057 -1 0 0 0 0
6 6 0 -1.46398 34.6156 4.76837e-07 1 0 0 0 0
0 286632544 1
1 4 0.294605 1.02924 80.8713 10.4439 1 2 0 0 0
2 4 0.289188 -0.609832 77.2427 13.5965 1 2 0 0 0
3 4 0.928244 1.21057 151.487 22.8318 1 0 0 0 0
4 4 1.72848 0.390016 34.6578 9.92374 1 0 0 0 0
5 1 1.13199 -0.459213 37.9048 0.1057 -1 0 0 0 0
6 6 0 -1.46398 34.6156 4.76837e-07 1 0 0 0 0
0 286632545 1
1 4 0.294605 1.02924 80.8713 10.4439 1 2 0 0 0
2 4 0.289188 -0.609832 77.2427 13.5965 1 2 0 0 0
3 4 0.928244 1.21057 151.487 22.8318 1 0 0 0 0
4 4 1.04182 2.86392 56.3534 12.4231 1 0 0 0 0
5 1 1.13199 -0.459213 37.9048 0.1057 -1 0 0 0 0
6 6 0 -1.46398 34.6156 4.76837e-07 1 0 0 0 0
0 286632546 1
1 4 0.289188 -0.609832 77.2427 13.5965 1 2 0 0 0
2 4 0.294605 1.02924 80.8713 10.4439 1 2 0 0 0
3 4 1.72848 0.390016 34.6578 9.92374 1 0 0 0 0
4 4 1.21633 -2.28698 31.6297 9.93876 1 0 0 0 0
5 1 1.13199 -0.459213 37.9048 0.1057 -1 0 0 0 0
6 6 0 -1.46398 34.6156 4.76837e-07 1 0 0 0 0
0 286632547 1
1 4 0.294605 1.02924 80.8713 10.4439 1 2 0 0 0
2 4 0.289188 -0.609832 77.2427 13.5965 1 2 0 0 0
3 4 1.72848 0.390016 34.6578 9.92374 1 0 0 0 0
4 4 1.21633 -2.28698 31.6297 9.93876 1 0 0 0 0
5 1 1.13199 -0.459213 37.9048 0.1057 -1 0 0 0 0
6 6 0 -1.46398 34.6156 4.76837e-07 1 0 0 0 0
0 286632548 1
1 4 0.289188 -0.609832 77.2427 13.5965 1 2 0 0 0
2 4 0.294605 1.02924 80.8713 10.4439 1 2 0 0 0
3 4 1.04182 2.86392 56.3534 12.4231 1 0 0 0 0
4 4 1.21633 -2.28698 31.6297 9.93876 1 0 0 0 0
5 1 1.13199 -0.459213 37.9048 0.1057 -1 0 0 0 0
6 6 0 -1.46398 34.6156 4.76837e-07 1 0 0 0 0
0 286632549 1
1 4 0.289188 -0.609832 77.2427 13.5965 1 2 0 0 0
2 4 0.294605 1.02924 80.8713 10.4439 1 2 0 0 0
3 4 -0.493554 -2.45868 171.824 18.1539 1 0 0 0 0
4 4 1.21633 -2.28698 31.6297 9.93876 1 0 0 0 0
5 1 1.13199 -0.459213 37.9048 0.1057 -1 0 0 0 0
6 6 0 -1.46398 34.6156 4.76837e-07 1 0 0 0 0
0 2866325410 1
1 4 0.294605 1.02924 80.8713 10.4439 1 2 0 0 0
2 4 0.289188 -0.609832 77.2427 13.5965 1 2 0 0 0
3 4 1.04182 2.86392 56.3534 12.4231 1 0 0 0 0
4 4 1.21633 -2.28698 31.6297 9.93876 1 0 0 0 0
5 1 1.13199 -0.459213 37.9048 0.1057 -1 0 0 0 0
6 6 0 -1.46398 34.6156 4.76837e-07 1 0 0 0 0
0 2866325411 1
1 4 0.294605 1.02924 80.8713 10.4439 1 2 0 0 0
2 4 0.289188 -0.609832 77.2427 13.5965 1 2 0 0 0
3 4 -0.493554 -2.45868 171.824 18.1539 1 0 0 0 0
4 4 1.21633 -2.28698 31.6297 9.93876 1 0 0 0 0
5 1 1.13199 -0.459213 37.9048 0.1057 -1 0 0 0 0
6 6 0 -1.46398 34.6156 4.76837e-07 1 0 0 0 0
0 2866325412 1
1 4 0.289188 -0.609832 77.2427 13.5965 1 2 0 0 0
2 4 0.294605 1.02924 80.8713 10.4439 1 2 0 0 0
3 4 -0.493554 -2.45868 171.824 18.1539 1 0 0 0 0
4 4 0.928244 1.21057 151.487 22.8318 1 0 0 0 0
5 1 1.13199 -0.459213 37.9048 0.1057 -1 0 0 0 0
6 6 0 -1.46398 34.6156 4.76837e-07 1 0 0 0 0
0 2866325413 1
1 4 0.294605 1.02924 80.8713 10.4439 1 2 0 0 0
2 4 0.289188 -0.609832 77.2427 13.5965 1 2 0 0 0
3 4 -0.493554 -2.45868 171.824 18.1539 1 0 0 0 0
4 4 0.928244 1.21057 151.487 22.8318 1 0 0 0 0
5 1 1.13199 -0.459213 37.9048 0.1057 -1 0 0 0 0
6 6 0 -1.46398 34.6156 4.76837e-07 1 0 0 0 0
0 2866325414 2
1 4 0.289188 -0.609832 77.2427 13.5965 1 2 0 0 0
2 4 0.294605 1.02924 80.8713 10.4439 1 2 0 0 0
3 4 1.04182 2.86392 56.3534 12.4231 1 0 0 0 0
4 4 1.72848 0.390016 34.6578 9.92374 1 0 0 0 0
5 1 1.13199 -0.459213 37.9048 0.1057 -1 0 0 0 0
6 6 0 -1.46398 34.6156 4.76837e-07 1 0 0 0 0
0 553345520 1
1 4 -0.0860973 2.04602 138.465 15.468 1 2 0 0 0
2 4 -1.93461 -2.03447 21.5703 4.19991 1 2 0 0 0
3 4 -0.357012 -2.94309 25.3318 5.14684 1 0 0 0 0
4 4 0.355249 -0.0247345 21.2872 5.21533 1 0 0 0 0
5 1 -0.521948 -1.46682 57.1533 0.1057 -1 0 0 0 0
6 6 0 -0.717074 103.851 1.65181e-06 1 0 0 0 0
0 738506500 1
1 4 -0.886397 -0.622125 85.9152 11.7142 1 2 0 0 0
2 4 -0.177914 0.989806 64.6211 10.407 1 2 0 0 0
3 4 -1.91074 2.65052 77.3454 19.1362 1 0 0 0 0
4 4 -2.35684 -1.0305 34.3394 7.42992 1 0 0 0 0
5 1 -1.40775 -1.83411 27.0995 0.1057 1 0 0 0 0
6 6 0 -2.4143 21.8163 2.38419e-07 1 0 0 0 0
0 738506501 1
1 4 -0.177914 0.989806 64.6211 10.407 1 2 0 0 0
2 4 -0.886397 -0.622125 85.9152 11.7142 1 2 0 0 0
3 4 -1.91074 2.65052 77.3454 19.1362 1 0 0 0 0
4 4 -2.35684 -1.0305 34.3394 7.42992 1 0 0 0 0
5 1 -1.40775 -1.83411 27.0995 0.1057 1 0 0 0 0
6 6 0 -2.4143 21.8163 2.38419e-07 1 0 0 0 0
0 738506502 1
1 4 -0.886397 -0.622125 85.9152 11.7142 1 2 0 0 0
2 4 -0.177914 0.989806 64.6211 10.407 1 2 0 0 0
3 4 -1.91074 2.65052 77.3454 19.1362 1 0 0 0 0
4 4 -0.36778 2.60719 24.4618 5.03614 1 0 0 0 0
5 1 -1.40775 -1.83411 27.0995 0.1057 1 0 0 0 0
6 6 0 -2.4143 21.8163 2.38419e-07 1 0 0 0 0
0 738506503 1
1 4 -0.177914 0.989806 64.6211 10.407 1 2 0 0 0
2 4 -0.886397 -0.622125 85.9152 11.7142 1 2 0 0 0
3 4 -1.91074 2.65052 77.3454 19.1362 1 0 0 0 0
4 4 -0.36778 2.60719 24.4618 5.03614 1 0 0 0 0
5 1 -1.40775 -1.83411 27.0995 0.1057 1 0 0 0 0
6 6 0 -2.4143 21.8163 2.38419e-07 1 0 0 0 0
0 738506504 2
1 4 -0.886397 -0.622125 85.9152 11.7142 1 2 0 0 0
2 4 -0.177914 0.989806 64.6211 10.407 1 2 0 0 0
3 4 -2.35684 -1.0305 34.3394 7.42992 1 0 0 0 0
4 4 -0.36778 2.60719 24.4618 5.03614 1 0 0 0 0
5 1 -1.40775 -1.83411 27.0995 0.1057 1 0 0 0 0
6 6 0 -2.4143 21.8163 2.38419e-07 1 0 0 0 0
0 816389990 1
1 4 -0.971256 2.95212 60.128 13.6367 1 2 0 0 0
2 4 -0.267802 -1.30165 80.752 14.4895 1 2 0 0 0
3 4 -0.55355 1.2951 76.3503 11.6837 1 0 0 0 0
4 4 -2.22553 -0.290649 20.1734 6.11536 1 0 0 0 0
5 1 -1.4726 -0.788581 81.3491 0.1057 -1 0 0 0 0
6 6 0 2.73945 44.7772 5.3312e-07 1 0 0 0 0
0 816389991 1
1 4 -0.971256 2.95212 60.128 13.6367 1 2 0 0 0
2 4 -0.267802 -1.30165 80.752 14.4895 1 2 0 0 0
3 4 0.604301 2.49961 31.4916 6.96119 1 0 0 0 0
4 4 -2.22553 -0.290649 20.1734 6.11536 1 0 0 0 0
5 1 -1.4726 -0.788581 81.3491 0.1057 -1 0 0 0 0
6 6 0 2.73945 44.7772 5.3312e-07 1 0 0 0 0
0 816389992 1
1 4 -0.267802 -1.30165 80.752 14.4895 1 2 0 0 0
2 4 -0.971256 2.95212 60.128 13.6367 1 2 0 0 0
3 4 -0.55355 1.2951 76.3503 11.6837 1 0 0 0 0
4 4 -2.22553 -0.290649 20.1734 6.11536 1 0 0 0 0
5 1 -1.4726 -0.788581 81.3491 0.1057 -1 0 0 0 0
6 6 0 2.73945 44.7772 5.3312e-07 1 0 0 0 0
0 816389993 1
1 4 -0.267802 -1.30165 80.752 14.4895 1 2 0 0 0
2 4 -0.971256 2.95212 60.128 13.6367 1 2 0 0 0
3 4 0.604301 2.49961 31.4916 6.96119 1 0 0 0 0
4 4 -2.22553 -0.290649 20.1734 6.11536 1 0 0 0 0
5 1 -1.4726 -0.788581 81.3491 0.1057 -1 0 0 0 0
6 6 0 2.73945 44.7772 5.3312e-07 1 0 0 0 0
0 816389994 2
1 4 -0.971256 2.95212 60.128 13.6367 1 2 0 0 0
2 4 -0.267802 -1.30165 80.752 14.4895 1 2 0 0 0
3 4 -0.55355 1.2951 76.3503 11.6837 1 0 0 0 0
4 4 0.604301 2.49961 31.4916 6.96119 1 0 0 0 0
5 1 -1.4726 -0.788581 81.3491 0.1057 -1 0 0 0 0
6 6 0 2.73945 44.7772 5.3312e-07 1 0 0 0 0
0 816389995 2
1 4 -0.267802 -1.30165 80.752 14.4895 1 2 0 0 0
2 4 -0.971256 2.95212 60.128 13.6367 1 2 0 0 0
3 4 -0.55355 1.2951 76.3503 11.6837 1 0 0 0 0
4 4 0.604301 2.49961 31.4916 6.96119 1 0 0 0 0
5 1 -1.4726 -0.788581 81.3491 0.1057 -1 0 0 0 0
6 6 0 2.73945 44.7772 5.3312e-07 1 0 0 0 0
0 588443890 1
1 4 0.432218 1.89683 67.389 19.0236 1 2 0 0 0
2 4 0.96875 -0.159888 146.018 28.029 1 2 0 0 0
3 4 -1.45539 -3.00715 31.8522 5.80845 1 0 0 0 0
4 4 -0.81935 -2.66878 23.8421 3.28764 1 0 0 0 0
5 1 1.99036 -0.209006 52.9888 0.1057 -1 0 0 0 0
6 6 0 2.84981 58.0289 2.38419e-07 1 0 0 0 0
0 588443891 1
1 4 0.96875 -0.159888 146.018 28.029 1 2 0 0 0
2 4 0.432218 1.89683 67.389 19.0236 1 2 0 0 0
3 4 -1.45539 -3.00715 31.8522 5.80845 1 0 0 0 0
4 4 -0.81935 -2.66878 23.8421 3.28764 1 0 0 0 0
5 1 1.99036 -0.209006 52.9888 0.1057 -1 0 0 0 0
6 6 0 2.84981 58.0289 2.38419e-07 1 0 0 0 0
0 588608470 2
1 4 1.20354 -2.33121 27.5439 6.56099 1 2 0 0 0
2 4 1.37749 -1.72292 56.5731 11.258 1 2 0 0 0
3 4 1.79839 2.24317 123.502 23.6179 1 0 0 0 0
4 4 1.1835 1.75636 120.37 17.1375 1 0 0 0 0
5 1 0.349962 -0.842249 189.177 0.1057 1 0 0 0 0
6 6 0 -1.97969 22.8431 4.12953e-07 1 0 0 0 0
0 588608471 3
1 4 1.37749 -1.72292 56.5731 11.258 1 2 0 0 0
2 4 1.20354 -2.33121 27.5439 6.56099 1 2 0 0 0
3 4 1.79839 2.24317 123.502 23.6179 1 0 0 0 0
4 4 1.1835 1.75636 120.37 17.1375 1 0 0 0 0
5 1 0.349962 -0.842249 189.177 0.1057 1 0 0 0 0
6 6 0 -1.97969 22.8431 4.12953e-07 1 0 0 0 0
0 567382140 2
1 4 1.2365 -1.50524 34.8094 9.21319 1 2 0 0 0
2 4 0.765509 -0.831017 58.4888 9.2863 1 2 0 0 0
3 4 2.40259 0.959373 48.7576 6.26273 1 0 0 0 0
4 4 1.5756 1.62099 43.0497 4.71648 1 0 0 0 0
5 1 2.06324 -2.6225 57.3169 0.1057 1 0 0 0 0
6 6 0 -3.03778 18.3015 2.64889e-07 1 0 0 0 0
0 567382141 3
1 4 0.765509 -0.831017 58.4888 9.2863 1 2 0 0 0
2 4 1.2365 -1.50524 34.8094 9.21319 1 2 0 0 0
3 4 2.40259 0.959373 48.7576 6.26273 1 0 0 0 0
4 4 1.5756 1.62099 43.0497 4.71648 1 0 0 0 0
5 1 2.06324 -2.6225 57.3169 0.1057 1 0 0 0 0
6 6 0 -3.03778 18.3015 2.64889e-07 1 0 0 0 0
0 492134270 2
1 4 -0.843192 2.37629 96.685 16.8362 1 2 0 0 0
2 4 -0.103381 -0.575537 49.9347 12.9773 1 2 0 0 0
3 4 -1.54473 2.47887 43.2875 7.67166 1 0 0 0 0
4 4 -1.88185 -1.86327 26.8762 4.36599 1 0 0 0 0
5 1 0.719853 -0.0135634 27.112 0.1057 -1 0 0 0 0
6 6 0 1.21343 94.2317 1.65181e-06 1 0 0 0 0
0 76939420 1
1 4 -0.733723 1.1266 84.1422 13.5888 1 2 0 0 0
2 4 -0.911905 -1.86911 73.4676 13.166 1 2 0 0 0
3 4 -2.21598 -1.24437 35.1102 4.29898 1 0 0 0 0
4 4 1.22324 -0.85978 34.6137 7.11825 1 0 0 0 0
5 1 -0.293562 2.44021 85.7883 0.1057 -1 0 0 0 0
6 6 0 0.532849 44.7718 4.76837e-07 1 0 0 0 0
0 76939421 1
1 4 -0.911905 -1.86911 73.4676 13.166 1 2 0 0 0
2 4 -0.733723 1.1266 84.1422 13.5888 1 2 0 0 0
3 4 -2.21598 -1.24437 35.1102 4.29898 1 0 0 0 0
4 4 1.22324 -0.85978 34.6137 7.11825 1 0 0 0 0
5 1 -0.293562 2.44021 85.7883 0.1057 -1 0 0 0 0
6 6 0 0.532849 44.7718 4.76837e-07 1 0 0 0 0
0 833970770 2
1 4 -0.774561 -3.01004 29.2298 8.44185 1 2 0 0 0
2 4 0.165759 -0.0901163 46.1585 6.50361 1 2 0 0 0
3 4 0.858488 2.85818 56.9423 10.8325 1 0 0 0 0
4 4 1.70801 -2.56071 34.0712 6.37718 1 0 0 0 0
5 1 -0.425666 -0.202928 58.7886 0.1057 1 0 0 0 0
6 6 0 2.48093 74.5736 -6.7435e-07 1 0 0 0 0
0 833970771 3
1 4 0.165759 -0.0901163 46.1585 6.50361 1 2 0 0 0
2 4 -0.774561 -3.01004 29.2298 8.44185 1 2 0 0 0
3 4 0.858488 2.85818 56.9423 10.8325 1 0 0 0 0
4 4 1.70801 -2.56071 34.0712 6.37718 1 0 0 0 0
5 1 -0.425666 -0.202928 58.7886 0.1057 1 0 0 0 0
6 6 0 2.48093 74.5736 -6.7435e-07 1 0 0 0 0
0 488060140 1
1 4 -0.141961 -0.594323 24.1688 7.83098 1 2 0 0 0
2 4 -0.801661 2.02904 49.0843 8.99091 1 2 0 0 0
3 4 -1.70777 -0.0449569 32.3701 6.40787 1 0 0 0 0
4 4 -1.05014 -0.714796 29.27 7.4607 1 0 0 0 0
5 1 0.0774332 -1.80469 75.2229 0.1057 1 0 0 0 0
6 6 0 1.68843 33.2664 4.76837e-07 1 0 0 0 0
0 488060141 1
1 4 -0.801661 2.02904 49.0843 8.99091 1 2 0 0 0
2 4 -0.141961 -0.594323 24.1688 7.83098 1 2 0 0 0
3 4 -1.70777 -0.0449569 32.3701 6.40787 1 0 0 0 0
4 4 -1.05014 -0.714796 29.27 7.4607 1 0 0 0 0
5 1 0.0774332 -1.80469 75.2229 0.1057 1 0 0 0 0
6 6 0 1.68843 33.2664 4.76837e-07 1 0 0 0 0
0 488060142 1
1 4 -0.141961 -0.594323 24.1688 7.83098 1 2 0 0 0
2 4 -0.801661 2.02904 49.0843 8.99091 1 2 0 0 0
3 4 -1.70777 -0.0449569 32.3701 6.40787 1 0 0 0 0
4 4 -1.364 1.62688 28.0023 5.01812 1 0 0 0 0
5 1 0.0774332 -1.80469 75.2229 0.1057 1 0 0 0 0
6 6 0 1.68843 33.2664 4.76837e-07 1 0 0 0 0
0 488060143 1
1 4 -0.801661 2.02904 49.0843 8.99091 1 2 0 0 0
2 4 -0.141961 -0.594323 24.1688 7.83098 1 2 0 0 0
3 4 -1.70777 -0.0449569 32.3701 6.40787 1 0 0 0 0
4 4 -1.364 1.62688 28.0023 5.01812 1 0 0 0 0
5 1 0.0774332 -1.80469 75.2229 0.1057 1 0 0 0 0
6 6 0 1.68843 33.2664 4.76837e-07 1 0 0 0 0
0 488060144 1
1 4 -0.141961 -0.594323 24.1688 7.83098 1 2 0 0 0
2 4 -0.801661 2.02904 49.0843 8.99091 1 2 0 0 0
3 4 -1.70777 -0.0449569 32.3701 6.40787 1 0 0 0 0
4 4 -0.672835 -2.89492 21.7398 5.15489 1 0 0 0 0
5 1 0.0774332 -1.80469 75.2229 0.1057 1 0 0 0 0
6 6 0 1.68843 33.2664 4.76837e-07 1 0 0 0 0
0 488060145 1
1 4 -0.801661 2.02904 49.0843 8.99091 1 2 0 0 0
2 4 -0.141961 -0.594323 24.1688 7.83098 1 2 0 0 0
3 4 -1.70777 -0.0449569 32.3701 6.40787 1 0 0 0 0
4 4 -0.672835 -2.89492 21.7398 5.15489 1 0 0 0 0
5 1 0.0774332 -1.80469 75.2229 0.1057 1 0 0 0 0
6 6 0 1.68843 33.2664 4.76837e-07 1 0 0 0 0
0 488060146 2
1 4 -0.141961 -0.594323 24.1688 7.83098 1 2 0 0 0
2 4 -0.801661 2.02904 49.0843 8.99091 1 2 0 0 0
3 4 -0.201372 2.55569 63.5791 11.3433 1 0 0 0 0
4 4 -1.70777 -0.0449569 32.3701 6.40787 1 0 0 0 0
5 1 0.0774332 -1.80469 75.2229 0.1057 1 0 0 0 0
6 6 0 1.68843 33.2664 4.76837e-07 1 0 0 0 0
0 488060147 2
1 4 -0.801661 2.02904 49.0843 8.99091 1 2 0 0 0
2 4 -0.141961 -0.594323 24.1688 7.83098 1 2 0 0 0
3 4 -0.201372 2.55569 63.5791 11.3433 1 0 0 0 0
4 4 -1.70777 -0.0449569 32.3701 6.40787 1 0 0 0 0
5 1 0.0774332 -1.80469 75.2229 0.1057 1 0 0 0 0
6 6 0 1.68843 33.2664 4.76837e-07 1 0 0 0 0
0 500827720 1
1 4 1.78656 -0.376054 36.7194 6.87622 1 2 0 0 0
2 4 1.61781 -2.52458 53.4653 8.36306 1 2 0 0 0
3 4 0.945046 1.65593 54.3028 11.3786 1 0 0 0 0
4 4 -0.217504 -1.26339 48.6414 8.58609 1 0 0 0 0
5 1 1.57697 0.901806 40.976 0.1057 1 0 0 0 0
6 6 0 -0.0951963 47.0603 1.46001e-07 1 0 0 0 0
0 500827721 1
1 4 1.61781 -2.52458 53.4653 8.36306 1 2 0 0 0
2 4 1.78656 -0.376054 36.7194 6.87622 1 2 0 0 0
3 4 0.945046 1.65593 54.3028 11.3786 1 0 0 0 0
4 4 -0.217504 -1.26339 48.6414 8.58609 1 0 0 0 0
5 1 1.57697 0.901806 40.976 0.1057 1 0 0 0 0
6 6 0 -0.0951963 47.0603 1.46001e-07 1 0 0 0 0
0 589260030 1
1 4 1.1362 -2.99377 138.477 23.8408 1 2 0 0 0
2 4 0.681483 1.22267 74.0028 11.1082 1 2 0 0 0
3 4 -0.572551 0.984763 27.4412 6.43724 1 0 0 0 0
4 4 0.28242 -0.646544 22.8861 4.57771 1 0 0 0 0
5 1 0.656423 -2.76389 279.33 0.1057 1 0 0 0 0
6 6 0 0.877514 37.6738 -3.37175e-07 1 0 0 0 0
0 589260031 1
1 4 1.1362 -2.99377 138.477 23.8408 1 2 0 0 0
2 4 0.681483 1.22267 74.0028 11.1082 1 2 0 0 0
3 4 0.937371 -0.424568 194.243 45.9909 1 0 0 0 0
4 4 0.28242 -0.646544 22.8861 4.57771 1 0 0 0 0
5 1 0.656423 -2.76389 279.33 0.1057 1 0 0 0 0
6 6 0 0.877514 37.6738 -3.37175e-07 1 0 0 0 0
0 589260032 1
1 4 1.1362 -2.99377 138.477 23.8408 1 2 0 0 0
2 4 0.681483 1.22267 74.0028 11.1082 1 2 0 0 0
3 4 0.937371 -0.424568 194.243 45.9909 1 0 0 0 0
4 4 -0.572551 0.984763 27.4412 6.43724 1 0 0 0 0
5 1 0.656423 -2.76389 279.33 0.1057 1 0 0 0 0
6 6 0 0.877514 37.6738 -3.37175e-07 1 0 0 0 0
0 589260033 1
1 4 1.1362 -2.99377 138.477 23.8408 1 2 0 0 0
2 4 0.681483 1.22267 74.0028 11.1082 1 2 0 0 0
3 4 -1.51167 0.42318 239.862 16.7352 1 0 0 0 0
4 4 -0.572551 0.984763 27.4412 6.43724 1 0 0 0 0
5 1 0.656423 -2.76389 279.33 0.1057 1 0 0 0 0
6 6 0 0.877514 37.6738 -3.37175e-07 1 0 0 0 0
0 589260034 1
1 4 1.1362 -2.99377 138.477 23.8408 1 2 0 0 0
2 4 0.681483 1.22267 74.0028 11.1082 1 2 0 0 0
3 4 -1.51167 0.42318 239.862 16.7352 1 0 0 0 0
4 4 0.28242 -0.646544 22.8861 4.57771 1 0 0 0 0
5 1 0.656423 -2.76389 279.33 0.1057 1 0 0 0 0
6 6 0 0.877514 37.6738 -3.37175e-07 1 0 0 0 0
0 589260035 1
1 4 0.681483 1.22267 74.0028 11.1082 1 2 0 0 0
2 4 1.1362 -2.99377 138.477 23.8408 1 2 0 0 0
3 4 0.937371 -0.424568 194.243 45.9909 1 0 0 0 0
4 4 0.28242 -0.646544 22.8861 4.57771 1 0 0 0 0
5 1 0.656423 -2.76389 279.33 0.1057 1 0 0 0 0
6 6 0 0.877514 37.6738 -3.37175e-07 1 0 0 0 0
0 589260036 1
1 4 0.681483 1.22267 74.0028 11.1082 1 2 0 0 0
2 4 1.1362 -2.99377 138.477 23.8408 1 2 0 0 0
3 4 -0.572551 0.984763 27.4412 6.43724 1 0 0 0 0
4 4 0.28242 -0.646544 22.8861 4.57771 1 0 0 0 0
5 1 0.656423 -2.76389 279.33 0.1057 1 0 0 0 0
6 6 0 0.877514 37.6738 -3.37175e-07 1 0 0 0 0
0 589260037 1
1 4 0.681483 1.22267 74.0028 11.1082 1 2 0 0 0
2 4 1.1362 -2.99377 138.477 23.8408 1 2 0 0 0
3 4 -1.51167 0.42318 239.862 16.7352 1 0 0 0 0
4 4 -0.572551 0.984763 27.4412 6.43724 1 0 0 0 0
5 1 0.656423 -2.76389 279.33 0.1057 1 0 0 0 0
6 6 0 0.877514 37.6738 -3.37175e-07 1 0 0 0 0
0 589260038 1
1 4 0.681483 1.22267 74.0028 11.1082 1 2 0 0 0
2 4 1.1362 -2.99377 138.477 23.8408 1 2 0 0 0
3 4 0.937371 -0.424568 194.243 45.9909 1 0 0 0 0
4 4 -0.572551 0.984763 27.4412 6.43724 1 0 0 0 0
5 1 0.656423 -2.76389 279.33 0.1057 1 0 0 0 0
6 6 0 0.877514 37.6738 -3.37175e-07 1 0 0 0 0
0 589260039 1
1 4 0.681483 1.22267 74.0028 11.1082 1 2 0 0 0
2 4 1.1362 -2.99377 138.477 23.8408 1 2 0 0 0
3 4 -1.51167 0.42318 239.862 16.7352 1 0 0 0 0
4 4 0.28242 -0.646544 22.8861 4.57771 1 0 0 0 0
5 1 0.656423 -2.76389 279.33 0.1057 1 0 0 0 0
6 6 0 0.877514 37.6738 -3.37175e-07 1 0 0 0 0
0 89943490 3
1 4 0.544067 -0.889887 35.8594 8.67352 1 2 0 0 0
2 4 -1.12979 -1.55827 60.8184 9.14581 1 2 0 0 0
3 4 0.590464 2.29074 132.162 23.4235 1 0 0 0 0
4 4 1.23075 0.972467 22.1441 5.56084 1 0 0 0 0
5 1 -1.05023 0.644068 44.8146 0.1057 -1 0 0 0 0
6 6 0 -2.17762 58.5057 -6.7435e-07 1 0 0 0 0
0 89943491 2
1 4 -1.12979 -1.55827 60.8184 9.14581 1 2 0 0 0
2 4 0.544067 -0.889887 35.8594 8.67352 1 2 0 0 0
3 4 0.590464 2.29074 132.162 23.4235 1 0 0 0 0
4 4 1.23075 0.972467 22.1441 5.56084 1 0 0 0 0
5 1 -1.05023 0.644068 44.8146 0.1057 -1 0 0 0 0
6 6 0 -2.17762 58.5057 -6.7435e-07 1 0 0 0 0
0 590027870 3
1 4 1.13241 -1.08015 58.5015 14.3506 1 2 0 0 0
2 4 0.637712 1.24459 48.3814 9.19765 1 2 0 0 0
3 4 0.620752 -2.18816 110.352 14.1169 1 0 0 0 0
4 4 1.31713 2.88383 43.8379 8.37082 1 0 0 0 0
5 1 1.64124 2.30702 31.401 0.1057 -1 0 0 0 0
6 6 0 0.189171 96.3844 -9.53674e-07 1 0 0 0 0
0 590027871 2
1 4 0.637712 1.24459 48.3814 9.19765 1 2 0 0 0
2 4 1.13241 -1.08015 58.5015 14.3506 1 2 0 0 0
3 4 0.620752 -2.18816 110.352 14.1169 1 0 0 0 0
4 4 1.31713 2.88383 43.8379 8.37082 1 0 0 0 0
5 1 1.64124 2.30702 31.401 0.1057 -1 0 0 0 0
6 6 0 0.189171 96.3844 -9.53674e-07 1 0 0 0 0
